0, 0, [728.125], [504.16666667], [-704.79166667], [-66.66666667] 1 
1, 1, [492.1875], [469.79166667], [-378.359375], [-30.07535461] 1 
2, 2, [375.], [480.20833333], [-327.60416667], [-40.64789377] 1 
3, 3, [728.125], [504.16666667], [-704.79166667], [-66.66666667] 1 
4, 4, [492.1875], [469.79166667], [-378.359375], [-30.07535461] 1 
5, 5, [375.], [480.20833333], [-327.60416667], [-40.64789377] 1 
6, 6, [728.125], [504.16666667], [-704.79166667], [-66.66666667] 1 
7, 7, [492.1875], [469.79166667], [-378.359375], [-30.07535461] 1 
8, 8, [375.], [480.20833333], [-327.60416667], [-40.64789377] 1 
9, 9, [714.0625], [512.5], [-690.72916667], [-75.] 1 
10, 10, [475.], [510.41666667], [-338.64583333], [-68.85822511] 1 
11, 11, [728.125], [504.16666667], [-704.79166667], [-66.66666667] 1 
12, 12, [492.1875], [469.79166667], [-378.359375], [-30.07535461] 1 
13, 13, [375.], [480.20833333], [-327.60416667], [-40.64789377] 1 
14, 14, [714.0625], [512.5], [-690.72916667], [-75.] 1 
15, 15, [492.1875], [469.79166667], [-378.359375], [-30.07535461] 1 
16, 16, [375.], [480.20833333], [-327.60416667], [-40.64789377] 1 
17, 17, [714.0625], [512.5], [-690.72916667], [-75.] 1 
18, 18, [492.1875], [469.79166667], [-378.359375], [-30.07535461] 1 
19, 19, [375.], [480.20833333], [-327.60416667], [-40.64789377] 1 
20, 20, [714.0625], [512.5], [-690.72916667], [-75.] 1 
21, 21, [563.28125], [513.54166667], [-340.1171875], [-71.91730118] 1 
22, 22, [492.1875], [469.79166667], [-378.359375], [-30.07535461] 1 
23, 23, [375.], [480.20833333], [-327.60416667], [-40.64789377] 1 
24, 24, [714.0625], [512.5], [-690.72916667], [-75.] 1 
25, 25, [563.28125], [513.54166667], [-340.1171875], [-71.91730118] 1 
26, 26, [492.1875], [469.79166667], [-378.359375], [-30.07535461] 1 
27, 27, [375.], [480.20833333], [-327.60416667], [-40.64789377] 1 
28, 28, [714.0625], [512.5], [-690.72916667], [-75.] 1 
29, 29, [563.28125], [513.54166667], [-340.1171875], [-71.91730118] 1 
30, 30, [492.1875], [469.79166667], [-378.359375], [-30.07535461] 1 
31, 31, [375.], [480.20833333], [-327.60416667], [-40.64789377] 1 
32, 32, [714.0625], [512.5], [-690.72916667], [-75.] 1 
33, 33, [563.28125], [513.54166667], [-340.1171875], [-71.91730118] 1 
34, 34, [375.], [480.20833333], [-327.60416667], [-40.64789377] 1 
35, 35, [714.0625], [512.5], [-690.72916667], [-75.] 1 
36, 36, [563.28125], [513.54166667], [-340.1171875], [-71.91730118] 1 
37, 37, [728.125], [512.5], [-704.79166667], [-75.] 1 
38, 38, [800.], [541.66666667], [-720.10416667], [-100.98870056] 1 
39, 39, [375.], [480.20833333], [-327.60416667], [-40.64789377] 1 
40, 40, [563.28125], [513.54166667], [-340.1171875], [-71.91730118] 1 
41, 41, [728.125], [512.5], [-704.79166667], [-75.] 1 
42, 42, [375.], [480.20833333], [-327.60416667], [-40.64789377] 1 
43, 43, [728.125], [512.5], [-704.79166667], [-75.] 1 
44, 44, [600.], [516.66666667], [-280.41666667], [-75.98870056] 1 
45, 45, [375.], [480.20833333], [-327.60416667], [-40.64789377] 1 
46, 46, [728.125], [512.5], [-704.79166667], [-75.] 1 
47, 47, [600.], [516.66666667], [-280.41666667], [-75.98870056] 1 
48, 48, [650.], [550.], [-330.41666667], [-109.3220339] 1 
49, 49, [375.], [480.20833333], [-327.60416667], [-40.64789377] 1 
50, 50, [728.125], [512.5], [-704.79166667], [-75.] 1 
51, 51, [600.], [516.66666667], [-280.41666667], [-75.98870056] 1 
52, 52, [375.], [480.20833333], [-327.60416667], [-40.64789377] 1 
53, 53, [600.], [516.66666667], [-280.41666667], [-75.98870056] 1 
54, 54, [741.40625], [518.75], [-713.15104167], [-75.89285714] 1 
55, 55, [375.], [480.20833333], [-327.60416667], [-40.64789377] 1 
56, 56, [600.], [516.66666667], [-280.41666667], [-75.98870056] 1 
57, 57, [741.40625], [518.75], [-713.15104167], [-75.89285714] 1 
58, 58, [375.], [480.20833333], [-327.60416667], [-40.64789377] 1 
59, 59, [600.], [516.66666667], [-280.41666667], [-75.98870056] 1 
60, 60, [375.], [480.20833333], [-327.60416667], [-40.64789377] 1 
61, 61, [726.5625], [542.70833333], [-258.984375], [-100.60307018] 1 
62, 62, [849.21875], [555.20833333], [-753.4765625], [-113.34786822] 1 
63, 63, [375.], [480.20833333], [-327.60416667], [-40.64789377] 1 
64, 64, [726.5625], [542.70833333], [-258.984375], [-100.60307018] 1 
65, 65, [849.21875], [555.20833333], [-753.4765625], [-113.34786822] 1 
66, 66, [375.], [480.20833333], [-327.60416667], [-40.64789377] 1 
67, 67, [726.5625], [542.70833333], [-258.984375], [-100.60307018] 1 
68, 68, [849.21875], [555.20833333], [-753.4765625], [-113.34786822] 1 
69, 69, [772.65625], [469.79166667], [-506.70572917], [-27.93120155] 1 
70, 70, [375.], [480.20833333], [-327.60416667], [-40.64789377] 1 
71, 71, [726.5625], [542.70833333], [-258.984375], [-100.60307018] 1 
72, 72, [772.65625], [469.79166667], [-506.70572917], [-27.93120155] 1 
73, 73, [375.], [480.20833333], [-327.60416667], [-40.64789377] 1 
74, 74, [782.8125], [662.5], [-412.39583333], [-221.55511811] 1 
75, 75, [260.41666667], [478.7037037], [-236.43518519], [-38.22751323] 1 
76, 76, [428.38541667], [420.37037037], [-424.19945988], [22.48677249] 1 
77, 77, [788.54166667], [460.64814815], [-760.6095679], [-18.65919787] 1 
78, 78, [214.58333333], [424.53703704], [-211.6242284], [16.14092906] 1 
79, 79, [622.39583333], [425.46296296], [-613.99305556], [18.98148148] 1 
80, 80, [730.72916667], [448.61111111], [-702.7970679], [-6.62216083] 1 
81, 81, [396.35416667], [468.51851852], [-372.37268519], [-28.04232804] 1 
82, 82, [451.5625], [430.09259259], [-446.51234568], [11.46584897] 1 
83, 83, [533.07291667], [427.31481481], [-345.], [12.17563105] 1 
84, 84, [307.8125], [478.7037037], [-283.83101852], [-38.22751323] 1 
85, 85, [218.75], [420.83333333], [-215.79089506], [19.84463277] 1 
86, 86, [443.22916667], [416.2037037], [-438.17901235], [25.35473785] 1 
87, 87, [366.14583333], [468.98148148], [-332.36496914], [-26.77042621] 1 
88, 88, [260.41666667], [478.7037037], [-236.43518519], [-38.22751323] 1 
89, 89, [428.38541667], [420.37037037], [-424.19945988], [22.48677249] 1 
90, 90, [788.54166667], [460.64814815], [-760.6095679], [-18.65919787] 1 
91, 91, [622.39583333], [425.46296296], [-613.99305556], [18.98148148] 1 
92, 92, [730.72916667], [448.61111111], [-702.7970679], [-6.62216083] 1 
93, 93, [396.35416667], [468.51851852], [-372.37268519], [-28.04232804] 1 
94, 94, [451.5625], [430.09259259], [-446.51234568], [11.46584897] 1 
95, 95, [533.07291667], [427.31481481], [-345.], [12.17563105] 1 
96, 96, [307.8125], [478.7037037], [-283.83101852], [-38.22751323] 1 
97, 97, [443.22916667], [416.2037037], [-438.17901235], [25.35473785] 1 
98, 98, [366.14583333], [468.98148148], [-332.36496914], [-26.77042621] 1 
99, 99, [151.82291667], [490.27777778], [-71.875], [-50.5383641] 1 
100, 100, [627.08333333], [430.09259259], [-622.03317901], [11.46584897] 1 
101, 101, [260.41666667], [478.7037037], [-236.43518519], [-38.22751323] 1 
102, 102, [428.38541667], [420.37037037], [-424.19945988], [22.48677249] 1 
103, 103, [788.54166667], [460.64814815], [-760.6095679], [-18.65919787] 1 
104, 104, [622.39583333], [425.46296296], [-613.99305556], [18.98148148] 1 
105, 105, [730.72916667], [448.61111111], [-702.7970679], [-6.62216083] 1 
106, 106, [533.07291667], [427.31481481], [-345.], [12.17563105] 1 
107, 107, [307.8125], [478.7037037], [-283.83101852], [-38.22751323] 1 
108, 108, [443.22916667], [416.2037037], [-438.17901235], [25.35473785] 1 
109, 109, [366.14583333], [468.98148148], [-332.36496914], [-26.77042621] 1 
110, 110, [627.08333333], [430.09259259], [-622.03317901], [11.46584897] 1 
111, 111, [206.25], [421.2962963], [-202.79320988], [16.2037037] 1 
112, 112, [260.41666667], [478.7037037], [-236.43518519], [-38.22751323] 1 
113, 113, [428.38541667], [420.37037037], [-424.19945988], [22.48677249] 1 
114, 114, [788.54166667], [460.64814815], [-760.6095679], [-18.65919787] 1 
115, 115, [730.72916667], [448.61111111], [-702.7970679], [-6.62216083] 1 
116, 116, [533.07291667], [427.31481481], [-345.], [12.17563105] 1 
117, 117, [307.8125], [478.7037037], [-283.83101852], [-38.22751323] 1 
118, 118, [366.14583333], [468.98148148], [-332.36496914], [-26.77042621] 1 
119, 119, [418.48958333], [420.37037037], [-414.30362654], [22.48677249] 1 
120, 120, [446.875], [337.03703704], [-443.41820988], [100.46296296] 1 
121, 121, [243.75], [232.87037037], [-215.81790123], [209.11857991] 1 
122, 122, [331.25], [468.98148148], [-297.4691358], [-26.77042621] 1 
123, 123, [260.41666667], [478.7037037], [-236.43518519], [-38.22751323] 1 
124, 124, [730.72916667], [448.61111111], [-702.7970679], [-6.62216083] 1 
125, 125, [533.07291667], [427.31481481], [-345.], [12.17563105] 1 
126, 126, [366.14583333], [468.98148148], [-332.36496914], [-26.77042621] 1 
127, 127, [446.875], [337.03703704], [-443.41820988], [100.46296296] 1 
128, 128, [331.25], [468.98148148], [-297.4691358], [-26.77042621] 1 
129, 129, [435.67708333], [434.25925926], [-431.49112654], [8.5978836] 1 
130, 130, [176.04166667], [468.98148148], [-142.26080247], [-26.77042621] 1 
131, 131, [285.9375], [495.37037037], [-269.19367284], [-52.51322751] 1 
132, 132, [730.72916667], [448.61111111], [-702.7970679], [-6.62216083] 1 
133, 133, [533.07291667], [427.31481481], [-345.], [12.17563105] 1 
134, 134, [366.14583333], [468.98148148], [-332.36496914], [-26.77042621] 1 
135, 135, [331.25], [468.98148148], [-297.4691358], [-26.77042621] 1 
136, 136, [176.04166667], [468.98148148], [-142.26080247], [-26.77042621] 1 
137, 137, [285.9375], [495.37037037], [-269.19367284], [-52.51322751] 1 
138, 138, [763.54166667], [468.51851852], [-739.56018519], [-28.04232804] 1 
139, 139, [917.96875], [510.64814815], [-823.54166667], [-69.20670671] 1 
140, 140, [694.79166667], [530.55555556], [-678.04783951], [-87.6984127] 1 
141, 141, [665.625], [568.98148148], [-658.60339506], [-129.42104192] 1 
142, 142, [45.57291667], [605.09259259], [10.44753086], [-165.40387664] 1 
143, 143, [962.23958333], [546.75925926], [-922.83950617], [-104.89879414] 1 
144, 144, [917.96875], [510.64814815], [-823.54166667], [-69.20670671] 1 
145, 145, [694.79166667], [530.55555556], [-678.04783951], [-87.6984127] 1 
146, 146, [45.57291667], [605.09259259], [10.44753086], [-165.40387664] 1 
147, 147, [962.23958333], [546.75925926], [-922.83950617], [-104.89879414] 1 
148, 148, [917.96875], [510.64814815], [-823.54166667], [-69.20670671] 1 
149, 149, [694.79166667], [530.55555556], [-678.04783951], [-87.6984127] 1 
150, 150, [45.57291667], [605.09259259], [10.44753086], [-165.40387664] 1 
151, 151, [932.03125], [574.53703704], [-892.63117284], [-132.67657192] 1 
152, 152, [82.55208333], [565.74074074], [-36.05902778], [-125.56980057] 1 
153, 153, [917.96875], [510.64814815], [-823.54166667], [-69.20670671] 1 
154, 154, [694.79166667], [530.55555556], [-678.04783951], [-87.6984127] 1 
155, 155, [932.03125], [574.53703704], [-892.63117284], [-132.67657192] 1 
156, 156, [972.65625], [500.], [-968.47029321], [-57.14285714] 1 
157, 157, [917.96875], [510.64814815], [-823.54166667], [-69.20670671] 1 
158, 158, [694.79166667], [530.55555556], [-678.04783951], [-87.6984127] 1 
159, 159, [932.03125], [574.53703704], [-892.63117284], [-132.67657192] 1 
160, 160, [972.65625], [500.], [-968.47029321], [-57.14285714] 1 
161, 161, [917.96875], [510.64814815], [-823.54166667], [-69.20670671] 1 
162, 162, [694.79166667], [530.55555556], [-678.04783951], [-87.6984127] 1 
163, 163, [972.65625], [500.], [-968.47029321], [-57.14285714] 1 
164, 164, [709.11458333], [520.83333333], [-694.93055556], [-78.97286822] 1 
165, 165, [917.96875], [510.64814815], [-823.54166667], [-69.20670671] 1 
166, 166, [972.65625], [500.], [-968.47029321], [-57.14285714] 1 
167, 167, [709.11458333], [520.83333333], [-694.93055556], [-78.97286822] 1 
168, 168, [917.96875], [510.64814815], [-823.54166667], [-69.20670671] 1 
169, 169, [972.65625], [500.], [-968.47029321], [-57.14285714] 1 
170, 170, [709.11458333], [520.83333333], [-694.93055556], [-78.97286822] 1 
171, 171, [163.28125], [540.27777778], [-107.26080247], [-100.58906182] 1 
172, 172, [917.96875], [510.64814815], [-823.54166667], [-69.20670671] 1 
173, 173, [972.65625], [500.], [-968.47029321], [-57.14285714] 1 
174, 174, [709.11458333], [520.83333333], [-694.93055556], [-78.97286822] 1 
175, 175, [163.28125], [540.27777778], [-107.26080247], [-100.58906182] 1 
176, 176, [87.5], [537.03703704], [-75.66358025], [-96.35907094] 1 
177, 177, [675.], [556.01851852], [-666.59722222], [-111.57407407] 1 
178, 178, [917.96875], [510.64814815], [-823.54166667], [-69.20670671] 1 
179, 179, [709.11458333], [520.83333333], [-694.93055556], [-78.97286822] 1 
180, 180, [163.28125], [540.27777778], [-107.26080247], [-100.58906182] 1 
181, 181, [675.], [556.01851852], [-666.59722222], [-111.57407407] 1 
182, 182, [917.96875], [510.64814815], [-823.54166667], [-69.20670671] 1 
183, 183, [709.11458333], [520.83333333], [-694.93055556], [-78.97286822] 1 
184, 184, [985.15625], [439.35185185], [-945.75617284], [2.50861326] 1 
185, 185, [917.96875], [510.64814815], [-823.54166667], [-69.20670671] 1 
186, 186, [709.11458333], [520.83333333], [-694.93055556], [-78.97286822] 1 
187, 187, [884.89583333], [534.72222222], [-772.8587963], [-93.95087236] 1 
188, 188, [917.96875], [510.64814815], [-823.54166667], [-69.20670671] 1 
189, 189, [709.11458333], [520.83333333], [-694.93055556], [-78.97286822] 1 
190, 190, [884.89583333], [534.72222222], [-772.8587963], [-93.95087236] 1 
191, 191, [980.46875], [394.44444444], [-976.28279321], [48.41269841] 1 
192, 192, [917.96875], [510.64814815], [-823.54166667], [-69.20670671] 1 
193, 193, [709.11458333], [520.83333333], [-694.93055556], [-78.97286822] 1 
194, 194, [884.89583333], [534.72222222], [-772.8587963], [-93.95087236] 1 
195, 195, [980.46875], [394.44444444], [-976.28279321], [48.41269841] 1 
196, 196, [43.48958333], [519.90740741], [278.00925926], [-79.2570009] 1 
197, 197, [917.96875], [510.64814815], [-823.54166667], [-69.20670671] 1 
198, 198, [709.11458333], [520.83333333], [-694.93055556], [-78.97286822] 1 
199, 199, [884.89583333], [534.72222222], [-772.8587963], [-93.95087236] 1 
200, 200, [43.48958333], [519.90740741], [278.00925926], [-79.2570009] 1 
201, 201, [959.375], [531.01851852], [-954.32484568], [-89.46007696] 1 
202, 202, [917.96875], [510.64814815], [-823.54166667], [-69.20670671] 1 
203, 203, [709.11458333], [520.83333333], [-694.93055556], [-78.97286822] 1 
204, 204, [884.89583333], [534.72222222], [-772.8587963], [-93.95087236] 1 
205, 205, [43.48958333], [519.90740741], [278.00925926], [-79.2570009] 1 
206, 206, [262.5], [613.54166667], [-242.52604167], [-172.86370056] 1 
207, 207, [407.8125], [477.08333333], [-384.47916667], [-39.58333333] 1 
208, 208, [431.25], [488.54166667], [-411.27604167], [-47.86370056] 1 
209, 209, [431.25], [488.54166667], [-411.27604167], [-47.86370056] 1 
210, 210, [285.9375], [536.45833333], [-123.09895833], [-98.58851085] 1 
211, 211, [285.9375], [536.45833333], [-123.09895833], [-98.58851085] 1 
212, 212, [285.9375], [536.45833333], [-123.09895833], [-98.58851085] 1 
213, 213, [462.5], [488.54166667], [-442.52604167], [-47.86370056] 1 
214, 214, [285.9375], [536.45833333], [-123.09895833], [-98.58851085] 1 
215, 215, [285.9375], [536.45833333], [-123.09895833], [-98.58851085] 1 
216, 216, [489.0625], [485.41666667], [-465.72916667], [-47.91666667] 1 
217, 217, [136.71875], [530.20833333], [129.23177083], [-88.34786822] 1 
218, 218, [285.9375], [536.45833333], [-123.09895833], [-98.58851085] 1 
219, 219, [285.9375], [536.45833333], [-123.09895833], [-98.58851085] 1 
220, 220, [517.1875], [485.41666667], [-493.85416667], [-47.91666667] 1 
221, 221, [365.625], [552.08333333], [-176.04166667], [-112.52289377] 1 
222, 222, [547.65625], [489.58333333], [-519.40104167], [-46.72619048] 1 
223, 223, [365.625], [552.08333333], [-176.04166667], [-112.52289377] 1 
224, 224, [547.65625], [489.58333333], [-519.40104167], [-46.72619048] 1 
225, 225, [365.625], [552.08333333], [-176.04166667], [-112.52289377] 1 
226, 226, [365.625], [552.08333333], [-176.04166667], [-112.52289377] 1 
227, 227, [365.625], [552.08333333], [-176.04166667], [-112.52289377] 1 
228, 228, [365.625], [552.08333333], [-176.04166667], [-112.52289377] 1 
229, 229, [365.625], [552.08333333], [-176.04166667], [-112.52289377] 1 
230, 230, [365.625], [552.08333333], [-176.04166667], [-112.52289377] 1 
231, 231, [365.625], [552.08333333], [-176.04166667], [-112.52289377] 1 
232, 232, [219.53125], [409.375], [-123.7890625], [32.48546512] 1 
233, 233, [656.25], [496.875], [-636.27604167], [-56.1970339] 1 
234, 234, [484.375], [582.29166667], [-16.796875], [-140.18640351] 1 
235, 235, [687.5], [488.54166667], [-667.52604167], [-47.86370056] 1 
236, 236, [687.5], [488.54166667], [-667.52604167], [-47.86370056] 1 
237, 237, [718.75], [488.54166667], [-698.77604167], [-47.86370056] 1 
238, 238, [718.75], [488.54166667], [-698.77604167], [-47.86370056] 1 
239, 239, [718.75], [488.54166667], [-698.77604167], [-47.86370056] 1 
240, 240, [476.5625], [456.25], [-442.91666667], [-8.88157895] 1 
241, 241, [476.5625], [456.25], [-442.91666667], [-8.88157895] 1 
242, 242, [476.5625], [456.25], [-442.91666667], [-8.88157895] 1 
243, 243, [476.5625], [456.25], [-442.91666667], [-8.88157895] 1 
244, 244, [907.8125], [376.04166667], [-839.6875], [64.32530581] 1 
245, 245, [805.46875], [476.04166667], [-765.48177083], [-30.25853414] 1 
246, 246, [805.46875], [476.04166667], [-765.48177083], [-30.25853414] 1 
247, 247, [805.46875], [476.04166667], [-765.48177083], [-30.25853414] 1 
248, 248, [805.46875], [476.04166667], [-765.48177083], [-30.25853414] 1 
249, 249, [805.46875], [476.04166667], [-765.48177083], [-30.25853414] 1 
250, 250, [462.5], [471.875], [-442.52604167], [-31.1970339] 1 
251, 251, [462.5], [471.875], [-442.52604167], [-31.1970339] 1 
252, 252, [462.5], [471.875], [-442.52604167], [-31.1970339] 1 
253, 253, [807.03125], [479.16666667], [-778.77604167], [-36.30952381] 1 
254, 254, [462.5], [471.875], [-442.52604167], [-31.1970339] 1 
255, 255, [807.03125], [479.16666667], [-778.77604167], [-36.30952381] 1 
256, 256, [462.5], [471.875], [-442.52604167], [-31.1970339] 1 
257, 257, [807.03125], [479.16666667], [-778.77604167], [-36.30952381] 1 
258, 258, [462.5], [471.875], [-442.52604167], [-31.1970339] 1 
259, 259, [807.03125], [479.16666667], [-778.77604167], [-36.30952381] 1 
260, 260, [750.], [450.], [-430.41666667], [-9.3220339] 1 
261, 261, [600.], [416.66666667], [-280.41666667], [24.01129944] 1 
262, 262, [350.], [416.66666667], [-30.41666667], [24.01129944] 1 
263, 263, [205.46875], [440.625], [60.48177083], [1.23546512] 1 
264, 264, [938.28125], [376.04166667], [-715.1171875], [65.58269882] 1 
265, 265, [835.15625], [373.95833333], [-739.4140625], [67.90213178] 1 
266, 266, [750.], [450.], [-430.41666667], [-9.3220339] 1 
267, 267, [600.], [416.66666667], [-280.41666667], [24.01129944] 1 
268, 268, [350.], [416.66666667], [-30.41666667], [24.01129944] 1 
269, 269, [205.46875], [440.625], [60.48177083], [1.23546512] 1 
270, 270, [938.28125], [376.04166667], [-715.1171875], [65.58269882] 1 
271, 271, [835.15625], [373.95833333], [-739.4140625], [67.90213178] 1 
272, 272, [750.], [450.], [-430.41666667], [-9.3220339] 1 
273, 273, [600.], [416.66666667], [-280.41666667], [24.01129944] 1 
274, 274, [350.], [416.66666667], [-30.41666667], [24.01129944] 1 
275, 275, [205.46875], [440.625], [60.48177083], [1.23546512] 1 
276, 276, [938.28125], [376.04166667], [-715.1171875], [65.58269882] 1 
277, 277, [835.15625], [373.95833333], [-739.4140625], [67.90213178] 1 
278, 278, [750.], [450.], [-430.41666667], [-9.3220339] 1 
279, 279, [600.], [416.66666667], [-280.41666667], [24.01129944] 1 
280, 280, [350.], [416.66666667], [-30.41666667], [24.01129944] 1 
281, 281, [205.46875], [440.625], [60.48177083], [1.23546512] 1 
282, 282, [938.28125], [376.04166667], [-715.1171875], [65.58269882] 1 
283, 283, [835.15625], [373.95833333], [-739.4140625], [67.90213178] 1 
284, 284, [317.96875], [380.20833333], [-52.01822917], [61.65213178] 1 
285, 285, [750.], [450.], [-430.41666667], [-9.3220339] 1 
286, 286, [600.], [416.66666667], [-280.41666667], [24.01129944] 1 
287, 287, [350.], [416.66666667], [-30.41666667], [24.01129944] 1 
288, 288, [205.46875], [440.625], [60.48177083], [1.23546512] 1 
289, 289, [938.28125], [376.04166667], [-715.1171875], [65.58269882] 1 
290, 290, [317.96875], [380.20833333], [-52.01822917], [61.65213178] 1 
291, 291, [772.65625], [409.375], [-506.70572917], [32.48546512] 1 
292, 292, [750.], [450.], [-430.41666667], [-9.3220339] 1 
293, 293, [600.], [416.66666667], [-280.41666667], [24.01129944] 1 
294, 294, [350.], [416.66666667], [-30.41666667], [24.01129944] 1 
295, 295, [205.46875], [440.625], [60.48177083], [1.23546512] 1 
296, 296, [938.28125], [376.04166667], [-715.1171875], [65.58269882] 1 
297, 297, [317.96875], [380.20833333], [-52.01822917], [61.65213178] 1 
298, 298, [772.65625], [409.375], [-506.70572917], [32.48546512] 1 
299, 299, [750.], [450.], [-430.41666667], [-9.3220339] 1 
300, 300, [600.], [416.66666667], [-280.41666667], [24.01129944] 1 
301, 301, [350.], [416.66666667], [-30.41666667], [24.01129944] 1 
302, 302, [938.28125], [376.04166667], [-715.1171875], [65.58269882] 1 
303, 303, [317.96875], [380.20833333], [-52.01822917], [61.65213178] 1 
304, 304, [772.65625], [409.375], [-506.70572917], [32.48546512] 1 
305, 305, [136.71875], [440.625], [129.23177083], [1.23546512] 1 
306, 306, [600.], [416.66666667], [-280.41666667], [24.01129944] 1 
307, 307, [350.], [416.66666667], [-30.41666667], [24.01129944] 1 
308, 308, [938.28125], [376.04166667], [-715.1171875], [65.58269882] 1 
309, 309, [317.96875], [380.20833333], [-52.01822917], [61.65213178] 1 
310, 310, [772.65625], [409.375], [-506.70572917], [32.48546512] 1 
311, 311, [136.71875], [440.625], [129.23177083], [1.23546512] 1 
312, 312, [600.], [416.66666667], [-280.41666667], [24.01129944] 1 
313, 313, [350.], [416.66666667], [-30.41666667], [24.01129944] 1 
314, 314, [938.28125], [376.04166667], [-715.1171875], [65.58269882] 1 
315, 315, [317.96875], [380.20833333], [-52.01822917], [61.65213178] 1 
316, 316, [772.65625], [409.375], [-506.70572917], [32.48546512] 1 
317, 317, [136.71875], [440.625], [129.23177083], [1.23546512] 1 
318, 318, [432.03125], [469.79166667], [-166.08072917], [-27.93120155] 1 
319, 319, [600.], [416.66666667], [-280.41666667], [24.01129944] 1 
320, 320, [938.28125], [376.04166667], [-715.1171875], [65.58269882] 1 
321, 321, [317.96875], [380.20833333], [-52.01822917], [61.65213178] 1 
322, 322, [772.65625], [409.375], [-506.70572917], [32.48546512] 1 
323, 323, [136.71875], [440.625], [129.23177083], [1.23546512] 1 
324, 324, [432.03125], [469.79166667], [-166.08072917], [-27.93120155] 1 
325, 325, [600.], [416.66666667], [-280.41666667], [24.01129944] 1 
326, 326, [938.28125], [376.04166667], [-715.1171875], [65.58269882] 1 
327, 327, [317.96875], [380.20833333], [-52.01822917], [61.65213178] 1 
328, 328, [772.65625], [409.375], [-506.70572917], [32.48546512] 1 
329, 329, [136.71875], [440.625], [129.23177083], [1.23546512] 1 
330, 330, [432.03125], [469.79166667], [-166.08072917], [-27.93120155] 1 
331, 331, [700.], [450.], [-380.41666667], [-9.3220339] 1 
332, 332, [600.], [416.66666667], [-280.41666667], [24.01129944] 1 
333, 333, [938.28125], [376.04166667], [-715.1171875], [65.58269882] 1 
334, 334, [317.96875], [380.20833333], [-52.01822917], [61.65213178] 1 
335, 335, [772.65625], [409.375], [-506.70572917], [32.48546512] 1 
336, 336, [136.71875], [440.625], [129.23177083], [1.23546512] 1 
337, 337, [432.03125], [469.79166667], [-166.08072917], [-27.93120155] 1 
338, 338, [700.], [450.], [-380.41666667], [-9.3220339] 1 
339, 339, [357.8125], [569.79166667], [-243.984375], [-130.07535461] 1 
340, 340, [700.], [616.66666667], [-380.41666667], [-175.98870056] 1 
341, 341, [287.5], [638.54166667], [-219.375], [-198.17469419] 1 
342, 342, [142.1875], [726.04166667], [20.65104167], [-288.17184418] 1 
343, 343, [300.], [541.66666667], [-220.10416667], [-100.98870056] 1 
344, 344, [500.78125], [596.875], [-277.6171875], [-155.25063452] 1 
345, 345, [357.8125], [569.79166667], [-243.984375], [-130.07535461] 1 
346, 346, [700.], [616.66666667], [-380.41666667], [-175.98870056] 1 
347, 347, [287.5], [638.54166667], [-219.375], [-198.17469419] 1 
348, 348, [142.1875], [726.04166667], [20.65104167], [-288.17184418] 1 
349, 349, [300.], [541.66666667], [-220.10416667], [-100.98870056] 1 
350, 350, [500.78125], [596.875], [-277.6171875], [-155.25063452] 1 
351, 351, [700.], [616.66666667], [-380.41666667], [-175.98870056] 1 
352, 352, [142.1875], [726.04166667], [20.65104167], [-288.17184418] 1 
353, 353, [300.], [541.66666667], [-220.10416667], [-100.98870056] 1 
354, 354, [500.78125], [596.875], [-277.6171875], [-155.25063452] 1 
355, 355, [142.1875], [726.04166667], [20.65104167], [-288.17184418] 1 
356, 356, [300.], [541.66666667], [-220.10416667], [-100.98870056] 1 
357, 357, [300.], [541.66666667], [-220.10416667], [-100.98870056] 1 
358, 358, [800.], [741.66666667], [-720.10416667], [-300.98870056] 1 
359, 359, [448.4375], [684.375], [-380.3125], [-244.00802752] 1 
360, 360, [365.625], [621.875], [-318.22916667], [-182.31456044] 1 
361, 361, [187.5], [641.66666667], [-107.60416667], [-200.98870056] 1 
362, 362, [767.1875], [632.29166667], [-604.34895833], [-194.42184418] 1 
363, 363, [448.4375], [684.375], [-380.3125], [-244.00802752] 1 
364, 364, [767.1875], [632.29166667], [-604.34895833], [-194.42184418] 1 
365, 365, [289.0625], [646.875], [-241.66666667], [-207.31456044] 1 
366, 366, [767.1875], [632.29166667], [-604.34895833], [-194.42184418] 1 
367, 367, [396.09375], [569.79166667], [-172.9296875], [-128.16730118] 1 
368, 368, [767.1875], [632.29166667], [-604.34895833], [-194.42184418] 1 
369, 369, [396.09375], [569.79166667], [-172.9296875], [-128.16730118] 1 
370, 370, [291.40625], [709.375], [-68.2421875], [-267.75063452] 1 
371, 371, [767.1875], [632.29166667], [-604.34895833], [-194.42184418] 1 
372, 372, [396.09375], [569.79166667], [-172.9296875], [-128.16730118] 1 
373, 373, [291.40625], [709.375], [-68.2421875], [-267.75063452] 1 
374, 374, [767.1875], [632.29166667], [-604.34895833], [-194.42184418] 1 
375, 375, [396.09375], [569.79166667], [-172.9296875], [-128.16730118] 1 
376, 376, [291.40625], [709.375], [-68.2421875], [-267.75063452] 1 
377, 377, [767.1875], [632.29166667], [-604.34895833], [-194.42184418] 1 
378, 378, [396.09375], [569.79166667], [-172.9296875], [-128.16730118] 1 
379, 379, [291.40625], [709.375], [-68.2421875], [-267.75063452] 1 
380, 380, [396.09375], [569.79166667], [-172.9296875], [-128.16730118] 1 
381, 381, [291.40625], [709.375], [-68.2421875], [-267.75063452] 1 
382, 382, [396.09375], [569.79166667], [-172.9296875], [-128.16730118] 1 
383, 383, [291.40625], [709.375], [-68.2421875], [-267.75063452] 1 
384, 384, [850.], [616.66666667], [-530.41666667], [-175.98870056] 1 
385, 385, [396.09375], [569.79166667], [-172.9296875], [-128.16730118] 1 
386, 386, [850.], [616.66666667], [-530.41666667], [-175.98870056] 1 
387, 387, [850.], [616.66666667], [-530.41666667], [-175.98870056] 1 
388, 388, [351.5625], [589.58333333], [18.85416667], [-148.63845144] 1 
389, 389, [850.], [616.66666667], [-530.41666667], [-175.98870056] 1 
390, 390, [351.5625], [589.58333333], [18.85416667], [-148.63845144] 1 
391, 391, [478.125], [569.79166667], [-364.296875], [-130.07535461] 1 
392, 392, [478.125], [569.79166667], [-364.296875], [-130.07535461] 1 
393, 393, [478.125], [569.79166667], [-364.296875], [-130.07535461] 1 
394, 394, [298.4375], [686.45833333], [-251.04166667], [-246.89789377] 1 
395, 395, [910.9375], [607.29166667], [-748.09895833], [-169.42184418] 1 
396, 396, [478.125], [569.79166667], [-364.296875], [-130.07535461] 1 
397, 397, [363.28125], [682.29166667], [-97.33072917], [-240.43120155] 1 
398, 398, [478.125], [569.79166667], [-364.296875], [-130.07535461] 1 
399, 399, [363.28125], [682.29166667], [-97.33072917], [-240.43120155] 1 
400, 400, [313.28125], [569.79166667], [-90.1171875], [-128.16730118] 1 
401, 401, [400.], [616.66666667], [-80.41666667], [-175.98870056] 1 
402, 402, [423.61111111], [500.], [-396.16013072], [-59.52380952] 1 
403, 403, [423.61111111], [500.], [-396.16013072], [-59.52380952] 1 
404, 404, [387.25490196], [694.59459459], [-239.89577813], [-251.29562552] 1 
405, 405, [387.25490196], [694.59459459], [-239.89577813], [-251.29562552] 1 
406, 406, [387.25490196], [694.59459459], [-239.89577813], [-251.29562552] 1 
407, 407, [387.25490196], [694.59459459], [-239.89577813], [-251.29562552] 1 
408, 408, [462.41830065], [624.32432432], [-315.05917682], [-181.02535525] 1 
409, 409, [462.41830065], [624.32432432], [-315.05917682], [-181.02535525] 1 
410, 410, [462.41830065], [624.32432432], [-315.05917682], [-181.02535525] 1 
411, 411, [480.39215686], [575.67567568], [-403.72725667], [-132.81853282] 1 
412, 412, [462.41830065], [624.32432432], [-315.05917682], [-181.02535525] 1 
413, 413, [480.39215686], [575.67567568], [-403.72725667], [-132.81853282] 1 
414, 414, [213.23529412], [739.18918919], [-190.11217099], [-297.63074763] 1 
415, 415, [462.41830065], [624.32432432], [-315.05917682], [-181.02535525] 1 
416, 416, [462.41830065], [624.32432432], [-315.05917682], [-181.02535525] 1 
417, 417, [218.54575163], [597.2972973], [-128.59697933], [-156.50782361] 1 
418, 418, [218.54575163], [597.2972973], [-128.59697933], [-156.50782361] 1 
419, 419, [517.97385621], [700.], [-333.13018901], [-259.63302752] 1 
420, 420, [218.54575163], [597.2972973], [-128.59697933], [-156.50782361] 1 
421, 421, [517.97385621], [700.], [-333.13018901], [-259.63302752] 1 
422, 422, [517.97385621], [700.], [-333.13018901], [-259.63302752] 1 
423, 423, [546.16013072], [624.32432432], [-456.21135842], [-183.53485064] 1 
424, 424, [517.97385621], [700.], [-333.13018901], [-259.63302752] 1 
425, 425, [546.16013072], [624.32432432], [-456.21135842], [-183.53485064] 1 
426, 426, [517.97385621], [700.], [-333.13018901], [-259.63302752] 1 
427, 427, [578.43137255], [700.], [-393.58770535], [-259.63302752] 1 
428, 428, [517.97385621], [700.], [-333.13018901], [-259.63302752] 1 
429, 429, [578.43137255], [700.], [-393.58770535], [-259.63302752] 1 
430, 430, [222.22222222], [583.78378378], [-93.6230348], [-144.22334422] 1 
431, 431, [578.43137255], [700.], [-393.58770535], [-259.63302752] 1 
432, 432, [578.43137255], [700.], [-393.58770535], [-259.63302752] 1 
433, 433, [423.20261438], [475.67567568], [-407.37502208], [-38.17567568] 1 
434, 434, [602.12418301], [659.45945946], [-417.28051581], [-219.09248698] 1 
435, 435, [209.96732026], [489.18918919], [-194.13972796], [-51.68918919] 1 
436, 436, [578.43137255], [700.], [-393.58770535], [-259.63302752] 1 
437, 437, [423.20261438], [475.67567568], [-407.37502208], [-38.17567568] 1 
438, 438, [602.12418301], [659.45945946], [-417.28051581], [-219.09248698] 1 
439, 439, [946.07843137], [694.59459459], [-798.71930754], [-251.29562552] 1 
440, 440, [427.2875817], [464.86486486], [-411.4599894], [-27.36486486] 1 
441, 441, [427.2875817], [464.86486486], [-411.4599894], [-27.36486486] 1 
442, 442, [882.35294118], [694.59459459], [-734.99381735], [-251.29562552] 1 
443, 443, [427.2875817], [464.86486486], [-411.4599894], [-27.36486486] 1 
444, 444, [604.98366013], [791.89189189], [-515.03488783], [-351.10241821] 1 
445, 445, [427.2875817], [464.86486486], [-411.4599894], [-27.36486486] 1 
446, 446, [828.43137255], [694.59459459], [-681.07224872], [-251.29562552] 1 
447, 447, [427.2875817], [464.86486486], [-411.4599894], [-27.36486486] 1 
448, 448, [683.41503268], [821.62162162], [-617.96723194], [-383.16008316] 1 
449, 449, [638.88888889], [659.45945946], [-454.04522169], [-219.09248698] 1 
450, 450, [289.21568627], [659.45945946], [-104.37201908], [-219.09248698] 1 
451, 451, [377.04248366], [716.21621622], [-349.59150327], [-275.74002574] 1 
452, 452, [427.2875817], [464.86486486], [-411.4599894], [-27.36486486] 1 
453, 453, [638.88888889], [659.45945946], [-454.04522169], [-219.09248698] 1 
454, 454, [783.49673203], [700.], [-598.65306483], [-259.63302752] 1 
455, 455, [671.22395833], [335.06944444], [-651.60228588], [107.78769841] 1 
456, 456, [346.35416667], [457.46527778], [-313.44039352], [-17.90483822] 1 
457, 457, [867.83854167], [485.24305556], [-840.06980613], [-39.45992303] 1 
458, 458, [671.22395833], [335.06944444], [-651.60228588], [107.78769841] 1 
459, 459, [346.35416667], [457.46527778], [-313.44039352], [-17.90483822] 1 
460, 460, [671.22395833], [335.06944444], [-651.60228588], [107.78769841] 1 
461, 461, [837.890625], [485.24305556], [-810.12188947], [-39.45992303] 1 
462, 462, [671.22395833], [335.06944444], [-651.60228588], [107.78769841] 1 
463, 463, [382.16145833], [445.3125], [-354.3927228], [0.47063253] 1 
464, 464, [382.16145833], [445.3125], [-354.3927228], [0.47063253] 1 
465, 465, [809.24479167], [485.24305556], [-781.47605613], [-39.45992303] 1 
466, 466, [646.484375], [350.69444444], [-626.86270255], [92.16269841] 1 
467, 467, [382.16145833], [445.3125], [-354.3927228], [0.47063253] 1 
468, 468, [646.484375], [350.69444444], [-626.86270255], [92.16269841] 1 
469, 469, [382.16145833], [445.3125], [-354.3927228], [0.47063253] 1 
470, 470, [646.484375], [350.69444444], [-626.86270255], [92.16269841] 1 
471, 471, [779.296875], [485.24305556], [-751.52813947], [-39.45992303] 1 
472, 472, [646.484375], [350.69444444], [-626.86270255], [92.16269841] 1 
473, 473, [779.296875], [485.24305556], [-751.52813947], [-39.45992303] 1 
474, 474, [646.484375], [350.69444444], [-626.86270255], [92.16269841] 1 
475, 475, [412.109375], [436.63194444], [-384.34063947], [9.15118809] 1 
476, 476, [646.484375], [350.69444444], [-626.86270255], [92.16269841] 1 
477, 477, [412.109375], [436.63194444], [-384.34063947], [9.15118809] 1 
478, 478, [750.65104167], [485.24305556], [-722.88230613], [-39.45992303] 1 
479, 479, [412.109375], [436.63194444], [-384.34063947], [9.15118809] 1 
480, 480, [621.74479167], [350.69444444], [-602.12311921], [92.16269841] 1 
481, 481, [720.703125], [485.24305556], [-692.93438947], [-39.45992303] 1 
482, 482, [984.375], [657.11805556], [-970.5041956], [-216.44008945] 1 
483, 483, [621.74479167], [350.69444444], [-602.12311921], [92.16269841] 1 
484, 484, [446.61458333], [427.95138889], [-422.94198495], [13.60705267] 1 
485, 485, [446.61458333], [427.95138889], [-422.94198495], [13.60705267] 1 
486, 486, [601.5625], [365.45138889], [-577.88990162], [76.10705267] 1 
487, 487, [684.24479167], [485.24305556], [-656.47605613], [-39.45992303] 1 
488, 488, [979.16666667], [604.16666667], [-923.68344907], [-163.48870056] 1 
489, 489, [579.42708333], [375.], [-563.22337963], [62.5] 1 
490, 490, [446.61458333], [427.95138889], [-422.94198495], [13.60705267] 1 
491, 491, [684.24479167], [485.24305556], [-656.47605613], [-39.45992303] 1 
492, 492, [979.16666667], [604.16666667], [-923.68344907], [-163.48870056] 1 
493, 493, [579.42708333], [375.], [-563.22337963], [62.5] 1 
494, 494, [446.61458333], [427.95138889], [-422.94198495], [13.60705267] 1 
495, 495, [579.42708333], [375.], [-563.22337963], [62.5] 1 
496, 496, [952.47395833], [602.43055556], [-906.57552083], [-167.24537037] 1 
497, 497, [952.47395833], [602.43055556], [-906.57552083], [-167.24537037] 1 
498, 498, [588.54166667], [365.45138889], [-564.86906829], [76.10705267] 1 
499, 499, [654.296875], [485.24305556], [-626.52813947], [-39.45992303] 1 
500, 500, [952.47395833], [602.43055556], [-906.57552083], [-167.24537037] 1 
501, 501, [588.54166667], [365.45138889], [-564.86906829], [76.10705267] 1 
502, 502, [478.515625], [407.11805556], [-450.74688947], [38.66507697] 1 
503, 503, [982.421875], [575.52083333], [-943.92903646], [-141.17739899] 1 
504, 504, [952.47395833], [602.43055556], [-906.57552083], [-167.24537037] 1 
505, 505, [478.515625], [407.11805556], [-450.74688947], [38.66507697] 1 
506, 506, [982.421875], [575.52083333], [-943.92903646], [-141.17739899] 1 
507, 507, [617.83854167], [474.82638889], [-590.06980613], [-29.04325636] 1 
508, 508, [489.58333333], [427.95138889], [-475.71252894], [12.72657721] 1 
509, 509, [952.47395833], [602.43055556], [-906.57552083], [-167.24537037] 1 
510, 510, [478.515625], [407.11805556], [-450.74688947], [38.66507697] 1 
511, 511, [617.83854167], [474.82638889], [-590.06980613], [-29.04325636] 1 
512, 512, [952.47395833], [602.43055556], [-906.57552083], [-167.24537037] 1 
513, 513, [478.515625], [407.11805556], [-450.74688947], [38.66507697] 1 
514, 514, [921.22395833], [563.36805556], [-882.73111979], [-129.02462121] 1 
515, 515, [952.47395833], [602.43055556], [-906.57552083], [-167.24537037] 1 
516, 516, [478.515625], [407.11805556], [-450.74688947], [38.66507697] 1 
517, 517, [921.22395833], [563.36805556], [-882.73111979], [-129.02462121] 1 
518, 518, [588.54166667], [467.88194444], [-555.62789352], [-28.32150488] 1 
519, 519, [541.66666667], [351.5625], [-527.79586227], [89.1154661] 1 
520, 520, [389.0625], [477.31481481], [-382.04089506], [-37.75437525] 1 
521, 521, [729.42708333], [552.31481481], [-635.], [-110.87337337] 1 
522, 522, [336.71875], [535.18518519], [-270.28356481], [-95.8994709] 1 
523, 523, [662.5], [459.72222222], [-655.47839506], [-20.16178266] 1 
524, 524, [429.6875], [473.61111111], [-424.63734568], [-32.05266955] 1 
525, 525, [976.5625], [511.11111111], [-952.58101852], [-70.63492063] 1 
526, 526, [264.32291667], [550.92592593], [-217.82986111], [-110.75498575] 1 
527, 527, [316.92708333], [517.59259259], [-250.49189815], [-78.30687831] 1 
528, 528, [794.79166667], [556.94444444], [-682.75462963], [-116.17309458] 1 
529, 529, [582.29166667], [459.25925926], [-572.29166667], [-14.81481481] 1 
530, 530, [367.44791667], [485.64814815], [-347.67361111], [-47.73965142] 1 
531, 531, [529.16666667], [446.75925926], [-526.20756173], [-6.08129316] 1 
532, 532, [610.9375], [443.05555556], [-603.91589506], [-3.495116] 1 
533, 533, [389.0625], [477.31481481], [-382.04089506], [-37.75437525] 1 
534, 534, [729.42708333], [552.31481481], [-635.], [-110.87337337] 1 
535, 535, [336.71875], [535.18518519], [-270.28356481], [-95.8994709] 1 
536, 536, [662.5], [459.72222222], [-655.47839506], [-20.16178266] 1 
537, 537, [429.6875], [473.61111111], [-424.63734568], [-32.05266955] 1 
538, 538, [976.5625], [511.11111111], [-952.58101852], [-70.63492063] 1 
539, 539, [264.32291667], [550.92592593], [-217.82986111], [-110.75498575] 1 
540, 540, [794.79166667], [556.94444444], [-682.75462963], [-116.17309458] 1 
541, 541, [582.29166667], [459.25925926], [-572.29166667], [-14.81481481] 1 
542, 542, [367.44791667], [485.64814815], [-347.67361111], [-47.73965142] 1 
543, 543, [529.16666667], [446.75925926], [-526.20756173], [-6.08129316] 1 
544, 544, [610.9375], [443.05555556], [-603.91589506], [-3.495116] 1 
545, 545, [389.0625], [477.31481481], [-382.04089506], [-37.75437525] 1 
546, 546, [729.42708333], [552.31481481], [-635.], [-110.87337337] 1 
547, 547, [336.71875], [535.18518519], [-270.28356481], [-95.8994709] 1 
548, 548, [662.5], [459.72222222], [-655.47839506], [-20.16178266] 1 
549, 549, [429.6875], [473.61111111], [-424.63734568], [-32.05266955] 1 
550, 550, [976.5625], [511.11111111], [-952.58101852], [-70.63492063] 1 
551, 551, [264.32291667], [550.92592593], [-217.82986111], [-110.75498575] 1 
552, 552, [794.79166667], [556.94444444], [-682.75462963], [-116.17309458] 1 
553, 553, [582.29166667], [459.25925926], [-572.29166667], [-14.81481481] 1 
554, 554, [367.44791667], [485.64814815], [-347.67361111], [-47.73965142] 1 
555, 555, [610.9375], [443.05555556], [-603.91589506], [-3.495116] 1 
556, 556, [389.0625], [477.31481481], [-382.04089506], [-37.75437525] 1 
557, 557, [729.42708333], [552.31481481], [-635.], [-110.87337337] 1 
558, 558, [336.71875], [535.18518519], [-270.28356481], [-95.8994709] 1 
559, 559, [662.5], [459.72222222], [-655.47839506], [-20.16178266] 1 
560, 560, [429.6875], [473.61111111], [-424.63734568], [-32.05266955] 1 
561, 561, [976.5625], [511.11111111], [-952.58101852], [-70.63492063] 1 
562, 562, [264.32291667], [550.92592593], [-217.82986111], [-110.75498575] 1 
563, 563, [794.79166667], [556.94444444], [-682.75462963], [-116.17309458] 1 
564, 564, [582.29166667], [459.25925926], [-572.29166667], [-14.81481481] 1 
565, 565, [610.9375], [443.05555556], [-603.91589506], [-3.495116] 1 
566, 566, [537.5], [440.74074074], [-525.66358025], [-0.06277464] 1 
567, 567, [389.0625], [477.31481481], [-382.04089506], [-37.75437525] 1 
568, 568, [729.42708333], [552.31481481], [-635.], [-110.87337337] 1 
569, 569, [336.71875], [535.18518519], [-270.28356481], [-95.8994709] 1 
570, 570, [662.5], [459.72222222], [-655.47839506], [-20.16178266] 1 
571, 571, [429.6875], [473.61111111], [-424.63734568], [-32.05266955] 1 
572, 572, [976.5625], [511.11111111], [-952.58101852], [-70.63492063] 1 
573, 573, [264.32291667], [550.92592593], [-217.82986111], [-110.75498575] 1 
574, 574, [794.79166667], [556.94444444], [-682.75462963], [-116.17309458] 1 
575, 575, [582.29166667], [459.25925926], [-572.29166667], [-14.81481481] 1 
576, 576, [610.9375], [443.05555556], [-603.91589506], [-3.495116] 1 
577, 577, [537.5], [440.74074074], [-525.66358025], [-0.06277464] 1 
578, 578, [354.6875], [530.55555556], [-337.94367284], [-87.6984127] 1 
579, 579, [118.75], [530.20833333], [-4.921875], [-90.49202128] 1 
580, 580, [118.75], [530.20833333], [-4.921875], [-90.49202128] 1 
581, 581, [360.9375], [522.91666667], [-337.60416667], [-85.41666667] 1 
582, 582, [438.28125], [501.04166667], [-342.5390625], [-59.18120155] 1 
583, 583, [118.75], [530.20833333], [-4.921875], [-90.49202128] 1 
584, 584, [360.9375], [522.91666667], [-337.60416667], [-85.41666667] 1 
585, 585, [438.28125], [501.04166667], [-342.5390625], [-59.18120155] 1 
586, 586, [118.75], [530.20833333], [-4.921875], [-90.49202128] 1 
587, 587, [360.9375], [522.91666667], [-337.60416667], [-85.41666667] 1 
588, 588, [438.28125], [501.04166667], [-342.5390625], [-59.18120155] 1 
589, 589, [287.5], [515.625], [-219.375], [-75.25802752] 1 
590, 590, [487.5], [508.33333333], [-407.60416667], [-67.65536723] 1 
591, 591, [118.75], [530.20833333], [-4.921875], [-90.49202128] 1 
592, 592, [360.9375], [522.91666667], [-337.60416667], [-85.41666667] 1 
593, 593, [438.28125], [501.04166667], [-342.5390625], [-59.18120155] 1 
594, 594, [487.5], [508.33333333], [-407.60416667], [-67.65536723] 1 
595, 595, [360.9375], [522.91666667], [-337.60416667], [-85.41666667] 1 
596, 596, [438.28125], [501.04166667], [-342.5390625], [-59.18120155] 1 
597, 597, [487.5], [508.33333333], [-407.60416667], [-67.65536723] 1 
598, 598, [360.9375], [522.91666667], [-337.60416667], [-85.41666667] 1 
599, 599, [438.28125], [501.04166667], [-342.5390625], [-59.18120155] 1 
600, 600, [487.5], [508.33333333], [-407.60416667], [-67.65536723] 1 
601, 601, [65.625], [554.16666667], [70.72916667], [-112.60822511] 1 
602, 602, [360.9375], [522.91666667], [-337.60416667], [-85.41666667] 1 
603, 603, [438.28125], [501.04166667], [-342.5390625], [-59.18120155] 1 
604, 604, [360.9375], [522.91666667], [-337.60416667], [-85.41666667] 1 
605, 605, [438.28125], [501.04166667], [-342.5390625], [-59.18120155] 1 
606, 606, [500.], [588.54166667], [-480.02604167], [-147.86370056] 1 
607, 607, [360.9375], [522.91666667], [-337.60416667], [-85.41666667] 1 
608, 608, [438.28125], [501.04166667], [-342.5390625], [-59.18120155] 1 
609, 609, [360.9375], [522.91666667], [-337.60416667], [-85.41666667] 1 
610, 610, [438.28125], [501.04166667], [-342.5390625], [-59.18120155] 1 
611, 611, [360.9375], [522.91666667], [-337.60416667], [-85.41666667] 1 
612, 612, [517.1875], [530.20833333], [-449.0625], [-89.84136086] 1 
613, 613, [331.25], [546.875], [-311.27604167], [-106.1970339] 1 
614, 614, [331.25], [546.875], [-311.27604167], [-106.1970339] 1 
615, 615, [517.1875], [530.20833333], [-449.0625], [-89.84136086] 1 
616, 616, [331.25], [546.875], [-311.27604167], [-106.1970339] 1 
617, 617, [517.1875], [530.20833333], [-449.0625], [-89.84136086] 1 
618, 618, [462.5], [525.], [-382.60416667], [-84.3220339] 1 
619, 619, [614.84375], [154.16666667], [-586.58854167], [288.69047619] 1 
620, 620, [331.25], [546.875], [-311.27604167], [-106.1970339] 1 
621, 621, [604.6875], [522.91666667], [-581.35416667], [-85.41666667] 1 
622, 622, [331.25], [546.875], [-311.27604167], [-106.1970339] 1 
623, 623, [604.6875], [522.91666667], [-581.35416667], [-85.41666667] 1 
624, 624, [331.25], [546.875], [-311.27604167], [-106.1970339] 1 
625, 625, [604.6875], [522.91666667], [-581.35416667], [-85.41666667] 1 
626, 626, [331.25], [546.875], [-311.27604167], [-106.1970339] 1 
627, 627, [618.75], [146.875], [-598.77604167], [293.8029661] 1 
628, 628, [331.25], [546.875], [-311.27604167], [-106.1970339] 1 
629, 629, [618.75], [146.875], [-598.77604167], [293.8029661] 1 
630, 630, [160.15625], [617.70833333], [-120.16927083], [-171.9252008] 1 
631, 631, [618.75], [146.875], [-598.77604167], [293.8029661] 1 
632, 632, [525.], [508.33333333], [-445.10416667], [-67.65536723] 1 
633, 633, [466.40625], [501.04166667], [-370.6640625], [-59.18120155] 1 
634, 634, [618.75], [146.875], [-598.77604167], [293.8029661] 1 
635, 635, [525.], [508.33333333], [-445.10416667], [-67.65536723] 1 
636, 636, [466.40625], [501.04166667], [-370.6640625], [-59.18120155] 1 
637, 637, [303.90625], [550.], [-275.65104167], [-107.14285714] 1 
638, 638, [125.78125], [513.54166667], [97.3828125], [-71.91730118] 1 
639, 639, [618.75], [146.875], [-598.77604167], [293.8029661] 1 
640, 640, [525.], [508.33333333], [-445.10416667], [-67.65536723] 1 
641, 641, [466.40625], [501.04166667], [-370.6640625], [-59.18120155] 1 
642, 642, [303.90625], [550.], [-275.65104167], [-107.14285714] 1 
643, 643, [125.78125], [513.54166667], [97.3828125], [-71.91730118] 1 
644, 644, [604.6875], [512.5], [-581.35416667], [-75.] 1 
645, 645, [680.35426731], [541.33333333], [-664.9640365], [-103.83333333] 1 
646, 646, [680.35426731], [541.33333333], [-664.9640365], [-103.83333333] 1 
647, 647, [599.03381643], [500.], [-567.77241009], [-60.43956044] 1 
648, 648, [680.35426731], [541.33333333], [-664.9640365], [-103.83333333] 1 
649, 649, [701.28824477], [562.66666667], [-685.89801396], [-125.16666667] 1 
650, 650, [701.28824477], [562.66666667], [-685.89801396], [-125.16666667] 1 
651, 651, [701.28824477], [562.66666667], [-685.89801396], [-125.16666667] 1 
652, 652, [727.0531401], [548.], [-704.56897477], [-106.44155844] 1 
653, 653, [727.0531401], [548.], [-704.56897477], [-106.44155844] 1 
654, 654, [727.0531401], [548.], [-704.56897477], [-106.44155844] 1 
655, 655, [758.05152979], [538.66666667], [-731.35909823], [-98.19047619] 1 
656, 656, [621.57809984], [480.], [-577.05636071], [-35.55555556] 1 
657, 657, [758.05152979], [538.66666667], [-731.35909823], [-98.19047619] 1 
658, 658, [794.68599034], [585.33333333], [-742.43478261], [-140.88888889] 1 
659, 659, [794.68599034], [585.33333333], [-742.43478261], [-140.88888889] 1 
660, 660, [852.65700483], [606.66666667], [-800.4057971], [-162.22222222] 1 
661, 661, [852.65700483], [606.66666667], [-800.4057971], [-162.22222222] 1 
662, 662, [924.31561997], [626.66666667], [-834.37895867], [-185.10822511] 1 
663, 663, [975.04025765], [626.66666667], [-885.10359635], [-185.10822511] 1 
664, 664, [648.55072464], [525.33333333], [-629.91411702], [-82.47619048] 1 
665, 665, [648.55072464], [525.33333333], [-629.91411702], [-82.47619048] 1 
666, 666, [663.84863124], [525.33333333], [-645.21202362], [-82.47619048] 1 
667, 667, [710.14492754], [538.66666667], [-665.62318841], [-94.22222222] 1 
668, 668, [710.14492754], [538.66666667], [-665.62318841], [-94.22222222] 1 
669, 669, [735.50724638], [584.], [-708.81481481], [-143.52380952] 1 
670, 670, [259.66183575], [562.66666667], [-241.02522813], [-119.80952381] 1 
671, 671, [768.11594203], [633.33333333], [-730.70531401], [-188.88888889] 1 
672, 672, [218.19645733], [582.66666667], [-186.93505099], [-143.10622711] 1 
673, 673, [332.12560386], [512.], [-313.48899624], [-69.14285714] 1 
674, 674, [621.98067633], [525.33333333], [-603.34406871], [-82.47619048] 1 
