0, 0, [0.728125], [0.50416667], [-0.70479167], [-0.06666667] 1 
1, 1, [0.4921875], [0.46979167], [-0.37835937], [-0.03007535] 1 
2, 2, [0.375], [0.48020833], [-0.32760417], [-0.04064789] 1 
3, 3, [0.728125], [0.50416667], [-0.70479167], [-0.06666667] 1 
4, 4, [0.4921875], [0.46979167], [-0.37835937], [-0.03007535] 1 
5, 5, [0.375], [0.48020833], [-0.32760417], [-0.04064789] 1 
6, 6, [0.728125], [0.50416667], [-0.70479167], [-0.06666667] 1 
7, 7, [0.4921875], [0.46979167], [-0.37835937], [-0.03007535] 1 
8, 8, [0.375], [0.48020833], [-0.32760417], [-0.04064789] 1 
9, 9, [0.7140625], [0.5125], [-0.69072917], [-0.075] 1 
10, 10, [0.475], [0.51041667], [-0.33864583], [-0.06885823] 1 
11, 11, [0.728125], [0.50416667], [-0.70479167], [-0.06666667] 1 
12, 12, [0.4921875], [0.46979167], [-0.37835937], [-0.03007535] 1 
13, 13, [0.375], [0.48020833], [-0.32760417], [-0.04064789] 1 
14, 14, [0.7140625], [0.5125], [-0.69072917], [-0.075] 1 
15, 15, [0.4921875], [0.46979167], [-0.37835937], [-0.03007535] 1 
16, 16, [0.375], [0.48020833], [-0.32760417], [-0.04064789] 1 
17, 17, [0.7140625], [0.5125], [-0.69072917], [-0.075] 1 
18, 18, [0.4921875], [0.46979167], [-0.37835937], [-0.03007535] 1 
19, 19, [0.375], [0.48020833], [-0.32760417], [-0.04064789] 1 
20, 20, [0.7140625], [0.5125], [-0.69072917], [-0.075] 1 
21, 21, [0.56328125], [0.51354167], [-0.34011719], [-0.0719173] 1 
22, 22, [0.4921875], [0.46979167], [-0.37835937], [-0.03007535] 1 
23, 23, [0.375], [0.48020833], [-0.32760417], [-0.04064789] 1 
24, 24, [0.7140625], [0.5125], [-0.69072917], [-0.075] 1 
25, 25, [0.56328125], [0.51354167], [-0.34011719], [-0.0719173] 1 
26, 26, [0.4921875], [0.46979167], [-0.37835937], [-0.03007535] 1 
27, 27, [0.375], [0.48020833], [-0.32760417], [-0.04064789] 1 
28, 28, [0.7140625], [0.5125], [-0.69072917], [-0.075] 1 
29, 29, [0.56328125], [0.51354167], [-0.34011719], [-0.0719173] 1 
30, 30, [0.4921875], [0.46979167], [-0.37835937], [-0.03007535] 1 
31, 31, [0.375], [0.48020833], [-0.32760417], [-0.04064789] 1 
32, 32, [0.7140625], [0.5125], [-0.69072917], [-0.075] 1 
33, 33, [0.56328125], [0.51354167], [-0.34011719], [-0.0719173] 1 
34, 34, [0.375], [0.48020833], [-0.32760417], [-0.04064789] 1 
35, 35, [0.7140625], [0.5125], [-0.69072917], [-0.075] 1 
36, 36, [0.56328125], [0.51354167], [-0.34011719], [-0.0719173] 1 
37, 37, [0.728125], [0.5125], [-0.70479167], [-0.075] 1 
38, 38, [0.8], [0.54166667], [-0.72010417], [-0.1009887] 1 
39, 39, [0.375], [0.48020833], [-0.32760417], [-0.04064789] 1 
40, 40, [0.56328125], [0.51354167], [-0.34011719], [-0.0719173] 1 
41, 41, [0.728125], [0.5125], [-0.70479167], [-0.075] 1 
42, 42, [0.375], [0.48020833], [-0.32760417], [-0.04064789] 1 
43, 43, [0.728125], [0.5125], [-0.70479167], [-0.075] 1 
44, 44, [0.6], [0.51666667], [-0.28041667], [-0.0759887] 1 
45, 45, [0.375], [0.48020833], [-0.32760417], [-0.04064789] 1 
46, 46, [0.728125], [0.5125], [-0.70479167], [-0.075] 1 
47, 47, [0.6], [0.51666667], [-0.28041667], [-0.0759887] 1 
48, 48, [0.65], [0.55], [-0.33041667], [-0.10932203] 1 
49, 49, [0.375], [0.48020833], [-0.32760417], [-0.04064789] 1 
50, 50, [0.728125], [0.5125], [-0.70479167], [-0.075] 1 
51, 51, [0.6], [0.51666667], [-0.28041667], [-0.0759887] 1 
52, 52, [0.375], [0.48020833], [-0.32760417], [-0.04064789] 1 
53, 53, [0.6], [0.51666667], [-0.28041667], [-0.0759887] 1 
54, 54, [0.74140625], [0.51875], [-0.71315104], [-0.07589286] 1 
55, 55, [0.375], [0.48020833], [-0.32760417], [-0.04064789] 1 
56, 56, [0.6], [0.51666667], [-0.28041667], [-0.0759887] 1 
57, 57, [0.74140625], [0.51875], [-0.71315104], [-0.07589286] 1 
58, 58, [0.375], [0.48020833], [-0.32760417], [-0.04064789] 1 
59, 59, [0.6], [0.51666667], [-0.28041667], [-0.0759887] 1 
60, 60, [0.375], [0.48020833], [-0.32760417], [-0.04064789] 1 
61, 61, [0.7265625], [0.54270833], [-0.25898437], [-0.10060307] 1 
62, 62, [0.84921875], [0.55520833], [-0.75347656], [-0.11334787] 1 
63, 63, [0.375], [0.48020833], [-0.32760417], [-0.04064789] 1 
64, 64, [0.7265625], [0.54270833], [-0.25898437], [-0.10060307] 1 
65, 65, [0.84921875], [0.55520833], [-0.75347656], [-0.11334787] 1 
66, 66, [0.375], [0.48020833], [-0.32760417], [-0.04064789] 1 
67, 67, [0.7265625], [0.54270833], [-0.25898437], [-0.10060307] 1 
68, 68, [0.84921875], [0.55520833], [-0.75347656], [-0.11334787] 1 
69, 69, [0.77265625], [0.46979167], [-0.50670573], [-0.0279312] 1 
70, 70, [0.375], [0.48020833], [-0.32760417], [-0.04064789] 1 
71, 71, [0.7265625], [0.54270833], [-0.25898437], [-0.10060307] 1 
72, 72, [0.77265625], [0.46979167], [-0.50670573], [-0.0279312] 1 
73, 73, [0.375], [0.48020833], [-0.32760417], [-0.04064789] 1 
74, 74, [0.7828125], [0.6625], [-0.41239583], [-0.22155512] 1 
75, 75, [0.26041667], [0.4787037], [-0.23643519], [-0.03822751] 1 
76, 76, [0.42838542], [0.42037037], [-0.42419946], [0.02248677] 1 
77, 77, [0.78854167], [0.46064815], [-0.76060957], [-0.0186592] 1 
78, 78, [0.21458333], [0.42453704], [-0.21162423], [0.01614093] 1 
79, 79, [0.62239583], [0.42546296], [-0.61399306], [0.01898148] 1 
80, 80, [0.73072917], [0.44861111], [-0.70279707], [-0.00662216] 1 
81, 81, [0.39635417], [0.46851852], [-0.37237269], [-0.02804233] 1 
82, 82, [0.4515625], [0.43009259], [-0.44651235], [0.01146585] 1 
83, 83, [0.53307292], [0.42731481], [-0.345], [0.01217563] 1 
84, 84, [0.3078125], [0.4787037], [-0.28383102], [-0.03822751] 1 
85, 85, [0.21875], [0.42083333], [-0.2157909], [0.01984463] 1 
86, 86, [0.44322917], [0.4162037], [-0.43817901], [0.02535474] 1 
87, 87, [0.36614583], [0.46898148], [-0.33236497], [-0.02677043] 1 
88, 88, [0.26041667], [0.4787037], [-0.23643519], [-0.03822751] 1 
89, 89, [0.42838542], [0.42037037], [-0.42419946], [0.02248677] 1 
90, 90, [0.78854167], [0.46064815], [-0.76060957], [-0.0186592] 1 
91, 91, [0.62239583], [0.42546296], [-0.61399306], [0.01898148] 1 
92, 92, [0.73072917], [0.44861111], [-0.70279707], [-0.00662216] 1 
93, 93, [0.39635417], [0.46851852], [-0.37237269], [-0.02804233] 1 
94, 94, [0.4515625], [0.43009259], [-0.44651235], [0.01146585] 1 
95, 95, [0.53307292], [0.42731481], [-0.345], [0.01217563] 1 
96, 96, [0.3078125], [0.4787037], [-0.28383102], [-0.03822751] 1 
97, 97, [0.44322917], [0.4162037], [-0.43817901], [0.02535474] 1 
98, 98, [0.36614583], [0.46898148], [-0.33236497], [-0.02677043] 1 
99, 99, [0.15182292], [0.49027778], [-0.071875], [-0.05053836] 1 
100, 100, [0.62708333], [0.43009259], [-0.62203318], [0.01146585] 1 
101, 101, [0.26041667], [0.4787037], [-0.23643519], [-0.03822751] 1 
102, 102, [0.42838542], [0.42037037], [-0.42419946], [0.02248677] 1 
103, 103, [0.78854167], [0.46064815], [-0.76060957], [-0.0186592] 1 
104, 104, [0.62239583], [0.42546296], [-0.61399306], [0.01898148] 1 
105, 105, [0.73072917], [0.44861111], [-0.70279707], [-0.00662216] 1 
106, 106, [0.53307292], [0.42731481], [-0.345], [0.01217563] 1 
107, 107, [0.3078125], [0.4787037], [-0.28383102], [-0.03822751] 1 
108, 108, [0.44322917], [0.4162037], [-0.43817901], [0.02535474] 1 
109, 109, [0.36614583], [0.46898148], [-0.33236497], [-0.02677043] 1 
110, 110, [0.62708333], [0.43009259], [-0.62203318], [0.01146585] 1 
111, 111, [0.20625], [0.4212963], [-0.20279321], [0.0162037] 1 
112, 112, [0.26041667], [0.4787037], [-0.23643519], [-0.03822751] 1 
113, 113, [0.42838542], [0.42037037], [-0.42419946], [0.02248677] 1 
114, 114, [0.78854167], [0.46064815], [-0.76060957], [-0.0186592] 1 
115, 115, [0.73072917], [0.44861111], [-0.70279707], [-0.00662216] 1 
116, 116, [0.53307292], [0.42731481], [-0.345], [0.01217563] 1 
117, 117, [0.3078125], [0.4787037], [-0.28383102], [-0.03822751] 1 
118, 118, [0.36614583], [0.46898148], [-0.33236497], [-0.02677043] 1 
119, 119, [0.41848958], [0.42037037], [-0.41430363], [0.02248677] 1 
120, 120, [0.446875], [0.33703704], [-0.44341821], [0.10046296] 1 
121, 121, [0.24375], [0.23287037], [-0.2158179], [0.20911858] 1 
122, 122, [0.33125], [0.46898148], [-0.29746914], [-0.02677043] 1 
123, 123, [0.26041667], [0.4787037], [-0.23643519], [-0.03822751] 1 
124, 124, [0.73072917], [0.44861111], [-0.70279707], [-0.00662216] 1 
125, 125, [0.53307292], [0.42731481], [-0.345], [0.01217563] 1 
126, 126, [0.36614583], [0.46898148], [-0.33236497], [-0.02677043] 1 
127, 127, [0.446875], [0.33703704], [-0.44341821], [0.10046296] 1 
128, 128, [0.33125], [0.46898148], [-0.29746914], [-0.02677043] 1 
129, 129, [0.43567708], [0.43425926], [-0.43149113], [0.00859788] 1 
130, 130, [0.17604167], [0.46898148], [-0.1422608], [-0.02677043] 1 
131, 131, [0.2859375], [0.49537037], [-0.26919367], [-0.05251323] 1 
132, 132, [0.73072917], [0.44861111], [-0.70279707], [-0.00662216] 1 
133, 133, [0.53307292], [0.42731481], [-0.345], [0.01217563] 1 
134, 134, [0.36614583], [0.46898148], [-0.33236497], [-0.02677043] 1 
135, 135, [0.33125], [0.46898148], [-0.29746914], [-0.02677043] 1 
136, 136, [0.17604167], [0.46898148], [-0.1422608], [-0.02677043] 1 
137, 137, [0.2859375], [0.49537037], [-0.26919367], [-0.05251323] 1 
138, 138, [0.76354167], [0.46851852], [-0.73956019], [-0.02804233] 1 
139, 139, [0.91796875], [0.51064815], [-0.82354167], [-0.06920671] 1 
140, 140, [0.69479167], [0.53055556], [-0.67804784], [-0.08769841] 1 
141, 141, [0.665625], [0.56898148], [-0.6586034], [-0.12942104] 1 
142, 142, [0.04557292], [0.60509259], [0.01044753], [-0.16540388] 1 
143, 143, [0.96223958], [0.54675926], [-0.92283951], [-0.10489879] 1 
144, 144, [0.91796875], [0.51064815], [-0.82354167], [-0.06920671] 1 
145, 145, [0.69479167], [0.53055556], [-0.67804784], [-0.08769841] 1 
146, 146, [0.04557292], [0.60509259], [0.01044753], [-0.16540388] 1 
147, 147, [0.96223958], [0.54675926], [-0.92283951], [-0.10489879] 1 
148, 148, [0.91796875], [0.51064815], [-0.82354167], [-0.06920671] 1 
149, 149, [0.69479167], [0.53055556], [-0.67804784], [-0.08769841] 1 
150, 150, [0.04557292], [0.60509259], [0.01044753], [-0.16540388] 1 
151, 151, [0.93203125], [0.57453704], [-0.89263117], [-0.13267657] 1 
152, 152, [0.08255208], [0.56574074], [-0.03605903], [-0.1255698] 1 
153, 153, [0.91796875], [0.51064815], [-0.82354167], [-0.06920671] 1 
154, 154, [0.69479167], [0.53055556], [-0.67804784], [-0.08769841] 1 
155, 155, [0.93203125], [0.57453704], [-0.89263117], [-0.13267657] 1 
156, 156, [0.97265625], [0.5], [-0.96847029], [-0.05714286] 1 
157, 157, [0.91796875], [0.51064815], [-0.82354167], [-0.06920671] 1 
158, 158, [0.69479167], [0.53055556], [-0.67804784], [-0.08769841] 1 
159, 159, [0.93203125], [0.57453704], [-0.89263117], [-0.13267657] 1 
160, 160, [0.97265625], [0.5], [-0.96847029], [-0.05714286] 1 
161, 161, [0.91796875], [0.51064815], [-0.82354167], [-0.06920671] 1 
162, 162, [0.69479167], [0.53055556], [-0.67804784], [-0.08769841] 1 
163, 163, [0.97265625], [0.5], [-0.96847029], [-0.05714286] 1 
164, 164, [0.70911458], [0.52083333], [-0.69493056], [-0.07897287] 1 
165, 165, [0.91796875], [0.51064815], [-0.82354167], [-0.06920671] 1 
166, 166, [0.97265625], [0.5], [-0.96847029], [-0.05714286] 1 
167, 167, [0.70911458], [0.52083333], [-0.69493056], [-0.07897287] 1 
168, 168, [0.91796875], [0.51064815], [-0.82354167], [-0.06920671] 1 
169, 169, [0.97265625], [0.5], [-0.96847029], [-0.05714286] 1 
170, 170, [0.70911458], [0.52083333], [-0.69493056], [-0.07897287] 1 
171, 171, [0.16328125], [0.54027778], [-0.1072608], [-0.10058906] 1 
172, 172, [0.91796875], [0.51064815], [-0.82354167], [-0.06920671] 1 
173, 173, [0.97265625], [0.5], [-0.96847029], [-0.05714286] 1 
174, 174, [0.70911458], [0.52083333], [-0.69493056], [-0.07897287] 1 
175, 175, [0.16328125], [0.54027778], [-0.1072608], [-0.10058906] 1 
176, 176, [0.0875], [0.53703704], [-0.07566358], [-0.09635907] 1 
177, 177, [0.675], [0.55601852], [-0.66659722], [-0.11157407] 1 
178, 178, [0.91796875], [0.51064815], [-0.82354167], [-0.06920671] 1 
179, 179, [0.70911458], [0.52083333], [-0.69493056], [-0.07897287] 1 
180, 180, [0.16328125], [0.54027778], [-0.1072608], [-0.10058906] 1 
181, 181, [0.675], [0.55601852], [-0.66659722], [-0.11157407] 1 
182, 182, [0.91796875], [0.51064815], [-0.82354167], [-0.06920671] 1 
183, 183, [0.70911458], [0.52083333], [-0.69493056], [-0.07897287] 1 
184, 184, [0.98515625], [0.43935185], [-0.94575617], [0.00250861] 1 
185, 185, [0.91796875], [0.51064815], [-0.82354167], [-0.06920671] 1 
186, 186, [0.70911458], [0.52083333], [-0.69493056], [-0.07897287] 1 
187, 187, [0.88489583], [0.53472222], [-0.7728588], [-0.09395087] 1 
188, 188, [0.91796875], [0.51064815], [-0.82354167], [-0.06920671] 1 
189, 189, [0.70911458], [0.52083333], [-0.69493056], [-0.07897287] 1 
190, 190, [0.88489583], [0.53472222], [-0.7728588], [-0.09395087] 1 
191, 191, [0.98046875], [0.39444444], [-0.97628279], [0.0484127] 1 
192, 192, [0.91796875], [0.51064815], [-0.82354167], [-0.06920671] 1 
193, 193, [0.70911458], [0.52083333], [-0.69493056], [-0.07897287] 1 
194, 194, [0.88489583], [0.53472222], [-0.7728588], [-0.09395087] 1 
195, 195, [0.98046875], [0.39444444], [-0.97628279], [0.0484127] 1 
196, 196, [0.04348958], [0.51990741], [0.27800926], [-0.079257] 1 
197, 197, [0.91796875], [0.51064815], [-0.82354167], [-0.06920671] 1 
198, 198, [0.70911458], [0.52083333], [-0.69493056], [-0.07897287] 1 
199, 199, [0.88489583], [0.53472222], [-0.7728588], [-0.09395087] 1 
200, 200, [0.04348958], [0.51990741], [0.27800926], [-0.079257] 1 
201, 201, [0.959375], [0.53101852], [-0.95432485], [-0.08946008] 1 
202, 202, [0.91796875], [0.51064815], [-0.82354167], [-0.06920671] 1 
203, 203, [0.70911458], [0.52083333], [-0.69493056], [-0.07897287] 1 
204, 204, [0.88489583], [0.53472222], [-0.7728588], [-0.09395087] 1 
205, 205, [0.04348958], [0.51990741], [0.27800926], [-0.079257] 1 
206, 206, [0.2625], [0.61354167], [-0.24252604], [-0.1728637] 1 
207, 207, [0.4078125], [0.47708333], [-0.38447917], [-0.03958333] 1 
208, 208, [0.43125], [0.48854167], [-0.41127604], [-0.0478637] 1 
209, 209, [0.43125], [0.48854167], [-0.41127604], [-0.0478637] 1 
210, 210, [0.2859375], [0.53645833], [-0.12309896], [-0.09858851] 1 
211, 211, [0.2859375], [0.53645833], [-0.12309896], [-0.09858851] 1 
212, 212, [0.2859375], [0.53645833], [-0.12309896], [-0.09858851] 1 
213, 213, [0.4625], [0.48854167], [-0.44252604], [-0.0478637] 1 
214, 214, [0.2859375], [0.53645833], [-0.12309896], [-0.09858851] 1 
215, 215, [0.2859375], [0.53645833], [-0.12309896], [-0.09858851] 1 
216, 216, [0.4890625], [0.48541667], [-0.46572917], [-0.04791667] 1 
217, 217, [0.13671875], [0.53020833], [0.12923177], [-0.08834787] 1 
218, 218, [0.2859375], [0.53645833], [-0.12309896], [-0.09858851] 1 
219, 219, [0.2859375], [0.53645833], [-0.12309896], [-0.09858851] 1 
220, 220, [0.5171875], [0.48541667], [-0.49385417], [-0.04791667] 1 
221, 221, [0.365625], [0.55208333], [-0.17604167], [-0.11252289] 1 
222, 222, [0.54765625], [0.48958333], [-0.51940104], [-0.04672619] 1 
223, 223, [0.365625], [0.55208333], [-0.17604167], [-0.11252289] 1 
224, 224, [0.54765625], [0.48958333], [-0.51940104], [-0.04672619] 1 
225, 225, [0.365625], [0.55208333], [-0.17604167], [-0.11252289] 1 
226, 226, [0.365625], [0.55208333], [-0.17604167], [-0.11252289] 1 
227, 227, [0.365625], [0.55208333], [-0.17604167], [-0.11252289] 1 
228, 228, [0.365625], [0.55208333], [-0.17604167], [-0.11252289] 1 
229, 229, [0.365625], [0.55208333], [-0.17604167], [-0.11252289] 1 
230, 230, [0.365625], [0.55208333], [-0.17604167], [-0.11252289] 1 
231, 231, [0.365625], [0.55208333], [-0.17604167], [-0.11252289] 1 
232, 232, [0.21953125], [0.409375], [-0.12378906], [0.03248547] 1 
233, 233, [0.65625], [0.496875], [-0.63627604], [-0.05619703] 1 
234, 234, [0.484375], [0.58229167], [-0.01679687], [-0.1401864] 1 
235, 235, [0.6875], [0.48854167], [-0.66752604], [-0.0478637] 1 
236, 236, [0.6875], [0.48854167], [-0.66752604], [-0.0478637] 1 
237, 237, [0.71875], [0.48854167], [-0.69877604], [-0.0478637] 1 
238, 238, [0.71875], [0.48854167], [-0.69877604], [-0.0478637] 1 
239, 239, [0.71875], [0.48854167], [-0.69877604], [-0.0478637] 1 
240, 240, [0.4765625], [0.45625], [-0.44291667], [-0.00888158] 1 
241, 241, [0.4765625], [0.45625], [-0.44291667], [-0.00888158] 1 
242, 242, [0.4765625], [0.45625], [-0.44291667], [-0.00888158] 1 
243, 243, [0.4765625], [0.45625], [-0.44291667], [-0.00888158] 1 
244, 244, [0.9078125], [0.37604167], [-0.8396875], [0.06432531] 1 
245, 245, [0.80546875], [0.47604167], [-0.76548177], [-0.03025853] 1 
246, 246, [0.80546875], [0.47604167], [-0.76548177], [-0.03025853] 1 
247, 247, [0.80546875], [0.47604167], [-0.76548177], [-0.03025853] 1 
248, 248, [0.80546875], [0.47604167], [-0.76548177], [-0.03025853] 1 
249, 249, [0.80546875], [0.47604167], [-0.76548177], [-0.03025853] 1 
250, 250, [0.4625], [0.471875], [-0.44252604], [-0.03119703] 1 
251, 251, [0.4625], [0.471875], [-0.44252604], [-0.03119703] 1 
252, 252, [0.4625], [0.471875], [-0.44252604], [-0.03119703] 1 
253, 253, [0.80703125], [0.47916667], [-0.77877604], [-0.03630952] 1 
254, 254, [0.4625], [0.471875], [-0.44252604], [-0.03119703] 1 
255, 255, [0.80703125], [0.47916667], [-0.77877604], [-0.03630952] 1 
256, 256, [0.4625], [0.471875], [-0.44252604], [-0.03119703] 1 
257, 257, [0.80703125], [0.47916667], [-0.77877604], [-0.03630952] 1 
258, 258, [0.4625], [0.471875], [-0.44252604], [-0.03119703] 1 
259, 259, [0.80703125], [0.47916667], [-0.77877604], [-0.03630952] 1 
260, 260, [0.75], [0.45], [-0.43041667], [-0.00932203] 1 
261, 261, [0.6], [0.41666667], [-0.28041667], [0.0240113] 1 
262, 262, [0.35], [0.41666667], [-0.03041667], [0.0240113] 1 
263, 263, [0.20546875], [0.440625], [0.06048177], [0.00123547] 1 
264, 264, [0.93828125], [0.37604167], [-0.71511719], [0.0655827] 1 
265, 265, [0.83515625], [0.37395833], [-0.73941406], [0.06790213] 1 
266, 266, [0.75], [0.45], [-0.43041667], [-0.00932203] 1 
267, 267, [0.6], [0.41666667], [-0.28041667], [0.0240113] 1 
268, 268, [0.35], [0.41666667], [-0.03041667], [0.0240113] 1 
269, 269, [0.20546875], [0.440625], [0.06048177], [0.00123547] 1 
270, 270, [0.93828125], [0.37604167], [-0.71511719], [0.0655827] 1 
271, 271, [0.83515625], [0.37395833], [-0.73941406], [0.06790213] 1 
272, 272, [0.75], [0.45], [-0.43041667], [-0.00932203] 1 
273, 273, [0.6], [0.41666667], [-0.28041667], [0.0240113] 1 
274, 274, [0.35], [0.41666667], [-0.03041667], [0.0240113] 1 
275, 275, [0.20546875], [0.440625], [0.06048177], [0.00123547] 1 
276, 276, [0.93828125], [0.37604167], [-0.71511719], [0.0655827] 1 
277, 277, [0.83515625], [0.37395833], [-0.73941406], [0.06790213] 1 
278, 278, [0.75], [0.45], [-0.43041667], [-0.00932203] 1 
279, 279, [0.6], [0.41666667], [-0.28041667], [0.0240113] 1 
280, 280, [0.35], [0.41666667], [-0.03041667], [0.0240113] 1 
281, 281, [0.20546875], [0.440625], [0.06048177], [0.00123547] 1 
282, 282, [0.93828125], [0.37604167], [-0.71511719], [0.0655827] 1 
283, 283, [0.83515625], [0.37395833], [-0.73941406], [0.06790213] 1 
284, 284, [0.31796875], [0.38020833], [-0.05201823], [0.06165213] 1 
285, 285, [0.75], [0.45], [-0.43041667], [-0.00932203] 1 
286, 286, [0.6], [0.41666667], [-0.28041667], [0.0240113] 1 
287, 287, [0.35], [0.41666667], [-0.03041667], [0.0240113] 1 
288, 288, [0.20546875], [0.440625], [0.06048177], [0.00123547] 1 
289, 289, [0.93828125], [0.37604167], [-0.71511719], [0.0655827] 1 
290, 290, [0.31796875], [0.38020833], [-0.05201823], [0.06165213] 1 
291, 291, [0.77265625], [0.409375], [-0.50670573], [0.03248547] 1 
292, 292, [0.75], [0.45], [-0.43041667], [-0.00932203] 1 
293, 293, [0.6], [0.41666667], [-0.28041667], [0.0240113] 1 
294, 294, [0.35], [0.41666667], [-0.03041667], [0.0240113] 1 
295, 295, [0.20546875], [0.440625], [0.06048177], [0.00123547] 1 
296, 296, [0.93828125], [0.37604167], [-0.71511719], [0.0655827] 1 
297, 297, [0.31796875], [0.38020833], [-0.05201823], [0.06165213] 1 
298, 298, [0.77265625], [0.409375], [-0.50670573], [0.03248547] 1 
299, 299, [0.75], [0.45], [-0.43041667], [-0.00932203] 1 
300, 300, [0.6], [0.41666667], [-0.28041667], [0.0240113] 1 
301, 301, [0.35], [0.41666667], [-0.03041667], [0.0240113] 1 
302, 302, [0.93828125], [0.37604167], [-0.71511719], [0.0655827] 1 
303, 303, [0.31796875], [0.38020833], [-0.05201823], [0.06165213] 1 
304, 304, [0.77265625], [0.409375], [-0.50670573], [0.03248547] 1 
305, 305, [0.13671875], [0.440625], [0.12923177], [0.00123547] 1 
306, 306, [0.6], [0.41666667], [-0.28041667], [0.0240113] 1 
307, 307, [0.35], [0.41666667], [-0.03041667], [0.0240113] 1 
308, 308, [0.93828125], [0.37604167], [-0.71511719], [0.0655827] 1 
309, 309, [0.31796875], [0.38020833], [-0.05201823], [0.06165213] 1 
310, 310, [0.77265625], [0.409375], [-0.50670573], [0.03248547] 1 
311, 311, [0.13671875], [0.440625], [0.12923177], [0.00123547] 1 
312, 312, [0.6], [0.41666667], [-0.28041667], [0.0240113] 1 
313, 313, [0.35], [0.41666667], [-0.03041667], [0.0240113] 1 
314, 314, [0.93828125], [0.37604167], [-0.71511719], [0.0655827] 1 
315, 315, [0.31796875], [0.38020833], [-0.05201823], [0.06165213] 1 
316, 316, [0.77265625], [0.409375], [-0.50670573], [0.03248547] 1 
317, 317, [0.13671875], [0.440625], [0.12923177], [0.00123547] 1 
318, 318, [0.43203125], [0.46979167], [-0.16608073], [-0.0279312] 1 
319, 319, [0.6], [0.41666667], [-0.28041667], [0.0240113] 1 
320, 320, [0.93828125], [0.37604167], [-0.71511719], [0.0655827] 1 
321, 321, [0.31796875], [0.38020833], [-0.05201823], [0.06165213] 1 
322, 322, [0.77265625], [0.409375], [-0.50670573], [0.03248547] 1 
323, 323, [0.13671875], [0.440625], [0.12923177], [0.00123547] 1 
324, 324, [0.43203125], [0.46979167], [-0.16608073], [-0.0279312] 1 
325, 325, [0.6], [0.41666667], [-0.28041667], [0.0240113] 1 
326, 326, [0.93828125], [0.37604167], [-0.71511719], [0.0655827] 1 
327, 327, [0.31796875], [0.38020833], [-0.05201823], [0.06165213] 1 
328, 328, [0.77265625], [0.409375], [-0.50670573], [0.03248547] 1 
329, 329, [0.13671875], [0.440625], [0.12923177], [0.00123547] 1 
330, 330, [0.43203125], [0.46979167], [-0.16608073], [-0.0279312] 1 
331, 331, [0.7], [0.45], [-0.38041667], [-0.00932203] 1 
332, 332, [0.6], [0.41666667], [-0.28041667], [0.0240113] 1 
333, 333, [0.93828125], [0.37604167], [-0.71511719], [0.0655827] 1 
334, 334, [0.31796875], [0.38020833], [-0.05201823], [0.06165213] 1 
335, 335, [0.77265625], [0.409375], [-0.50670573], [0.03248547] 1 
336, 336, [0.13671875], [0.440625], [0.12923177], [0.00123547] 1 
337, 337, [0.43203125], [0.46979167], [-0.16608073], [-0.0279312] 1 
338, 338, [0.7], [0.45], [-0.38041667], [-0.00932203] 1 
339, 339, [0.3578125], [0.56979167], [-0.24398437], [-0.13007535] 1 
340, 340, [0.7], [0.61666667], [-0.38041667], [-0.1759887] 1 
341, 341, [0.2875], [0.63854167], [-0.219375], [-0.19817469] 1 
342, 342, [0.1421875], [0.72604167], [0.02065104], [-0.28817184] 1 
343, 343, [0.3], [0.54166667], [-0.22010417], [-0.1009887] 1 
344, 344, [0.50078125], [0.596875], [-0.27761719], [-0.15525063] 1 
345, 345, [0.3578125], [0.56979167], [-0.24398437], [-0.13007535] 1 
346, 346, [0.7], [0.61666667], [-0.38041667], [-0.1759887] 1 
347, 347, [0.2875], [0.63854167], [-0.219375], [-0.19817469] 1 
348, 348, [0.1421875], [0.72604167], [0.02065104], [-0.28817184] 1 
349, 349, [0.3], [0.54166667], [-0.22010417], [-0.1009887] 1 
350, 350, [0.50078125], [0.596875], [-0.27761719], [-0.15525063] 1 
351, 351, [0.7], [0.61666667], [-0.38041667], [-0.1759887] 1 
352, 352, [0.1421875], [0.72604167], [0.02065104], [-0.28817184] 1 
353, 353, [0.3], [0.54166667], [-0.22010417], [-0.1009887] 1 
354, 354, [0.50078125], [0.596875], [-0.27761719], [-0.15525063] 1 
355, 355, [0.1421875], [0.72604167], [0.02065104], [-0.28817184] 1 
356, 356, [0.3], [0.54166667], [-0.22010417], [-0.1009887] 1 
357, 357, [0.3], [0.54166667], [-0.22010417], [-0.1009887] 1 
358, 358, [0.8], [0.74166667], [-0.72010417], [-0.3009887] 1 
359, 359, [0.4484375], [0.684375], [-0.3803125], [-0.24400803] 1 
360, 360, [0.365625], [0.621875], [-0.31822917], [-0.18231456] 1 
361, 361, [0.1875], [0.64166667], [-0.10760417], [-0.2009887] 1 
362, 362, [0.7671875], [0.63229167], [-0.60434896], [-0.19442184] 1 
363, 363, [0.4484375], [0.684375], [-0.3803125], [-0.24400803] 1 
364, 364, [0.7671875], [0.63229167], [-0.60434896], [-0.19442184] 1 
365, 365, [0.2890625], [0.646875], [-0.24166667], [-0.20731456] 1 
366, 366, [0.7671875], [0.63229167], [-0.60434896], [-0.19442184] 1 
367, 367, [0.39609375], [0.56979167], [-0.17292969], [-0.1281673] 1 
368, 368, [0.7671875], [0.63229167], [-0.60434896], [-0.19442184] 1 
369, 369, [0.39609375], [0.56979167], [-0.17292969], [-0.1281673] 1 
370, 370, [0.29140625], [0.709375], [-0.06824219], [-0.26775063] 1 
371, 371, [0.7671875], [0.63229167], [-0.60434896], [-0.19442184] 1 
372, 372, [0.39609375], [0.56979167], [-0.17292969], [-0.1281673] 1 
373, 373, [0.29140625], [0.709375], [-0.06824219], [-0.26775063] 1 
374, 374, [0.7671875], [0.63229167], [-0.60434896], [-0.19442184] 1 
375, 375, [0.39609375], [0.56979167], [-0.17292969], [-0.1281673] 1 
376, 376, [0.29140625], [0.709375], [-0.06824219], [-0.26775063] 1 
377, 377, [0.7671875], [0.63229167], [-0.60434896], [-0.19442184] 1 
378, 378, [0.39609375], [0.56979167], [-0.17292969], [-0.1281673] 1 
379, 379, [0.29140625], [0.709375], [-0.06824219], [-0.26775063] 1 
380, 380, [0.39609375], [0.56979167], [-0.17292969], [-0.1281673] 1 
381, 381, [0.29140625], [0.709375], [-0.06824219], [-0.26775063] 1 
382, 382, [0.39609375], [0.56979167], [-0.17292969], [-0.1281673] 1 
383, 383, [0.29140625], [0.709375], [-0.06824219], [-0.26775063] 1 
384, 384, [0.85], [0.61666667], [-0.53041667], [-0.1759887] 1 
385, 385, [0.39609375], [0.56979167], [-0.17292969], [-0.1281673] 1 
386, 386, [0.85], [0.61666667], [-0.53041667], [-0.1759887] 1 
387, 387, [0.85], [0.61666667], [-0.53041667], [-0.1759887] 1 
388, 388, [0.3515625], [0.58958333], [0.01885417], [-0.14863845] 1 
389, 389, [0.85], [0.61666667], [-0.53041667], [-0.1759887] 1 
390, 390, [0.3515625], [0.58958333], [0.01885417], [-0.14863845] 1 
391, 391, [0.478125], [0.56979167], [-0.36429688], [-0.13007535] 1 
392, 392, [0.478125], [0.56979167], [-0.36429688], [-0.13007535] 1 
393, 393, [0.478125], [0.56979167], [-0.36429688], [-0.13007535] 1 
394, 394, [0.2984375], [0.68645833], [-0.25104167], [-0.24689789] 1 
395, 395, [0.9109375], [0.60729167], [-0.74809896], [-0.16942184] 1 
396, 396, [0.478125], [0.56979167], [-0.36429688], [-0.13007535] 1 
397, 397, [0.36328125], [0.68229167], [-0.09733073], [-0.2404312] 1 
398, 398, [0.478125], [0.56979167], [-0.36429688], [-0.13007535] 1 
399, 399, [0.36328125], [0.68229167], [-0.09733073], [-0.2404312] 1 
400, 400, [0.31328125], [0.56979167], [-0.09011719], [-0.1281673] 1 
401, 401, [0.4], [0.61666667], [-0.08041667], [-0.1759887] 1 
402, 402, [0.42361111], [0.5], [-0.39616013], [-0.05952381] 1 
403, 403, [0.42361111], [0.5], [-0.39616013], [-0.05952381] 1 
404, 404, [0.3872549], [0.69459459], [-0.23989578], [-0.25129563] 1 
405, 405, [0.3872549], [0.69459459], [-0.23989578], [-0.25129563] 1 
406, 406, [0.3872549], [0.69459459], [-0.23989578], [-0.25129563] 1 
407, 407, [0.3872549], [0.69459459], [-0.23989578], [-0.25129563] 1 
408, 408, [0.4624183], [0.62432432], [-0.31505918], [-0.18102536] 1 
409, 409, [0.4624183], [0.62432432], [-0.31505918], [-0.18102536] 1 
410, 410, [0.4624183], [0.62432432], [-0.31505918], [-0.18102536] 1 
411, 411, [0.48039216], [0.57567568], [-0.40372726], [-0.13281853] 1 
412, 412, [0.4624183], [0.62432432], [-0.31505918], [-0.18102536] 1 
413, 413, [0.48039216], [0.57567568], [-0.40372726], [-0.13281853] 1 
414, 414, [0.21323529], [0.73918919], [-0.19011217], [-0.29763075] 1 
415, 415, [0.4624183], [0.62432432], [-0.31505918], [-0.18102536] 1 
416, 416, [0.4624183], [0.62432432], [-0.31505918], [-0.18102536] 1 
417, 417, [0.21854575], [0.5972973], [-0.12859698], [-0.15650782] 1 
418, 418, [0.21854575], [0.5972973], [-0.12859698], [-0.15650782] 1 
419, 419, [0.51797386], [0.7], [-0.33313019], [-0.25963303] 1 
420, 420, [0.21854575], [0.5972973], [-0.12859698], [-0.15650782] 1 
421, 421, [0.51797386], [0.7], [-0.33313019], [-0.25963303] 1 
422, 422, [0.51797386], [0.7], [-0.33313019], [-0.25963303] 1 
423, 423, [0.54616013], [0.62432432], [-0.45621136], [-0.18353485] 1 
424, 424, [0.51797386], [0.7], [-0.33313019], [-0.25963303] 1 
425, 425, [0.54616013], [0.62432432], [-0.45621136], [-0.18353485] 1 
426, 426, [0.51797386], [0.7], [-0.33313019], [-0.25963303] 1 
427, 427, [0.57843137], [0.7], [-0.39358771], [-0.25963303] 1 
428, 428, [0.51797386], [0.7], [-0.33313019], [-0.25963303] 1 
429, 429, [0.57843137], [0.7], [-0.39358771], [-0.25963303] 1 
430, 430, [0.22222222], [0.58378378], [-0.09362303], [-0.14422334] 1 
431, 431, [0.57843137], [0.7], [-0.39358771], [-0.25963303] 1 
432, 432, [0.57843137], [0.7], [-0.39358771], [-0.25963303] 1 
433, 433, [0.42320261], [0.47567568], [-0.40737502], [-0.03817568] 1 
434, 434, [0.60212418], [0.65945946], [-0.41728052], [-0.21909249] 1 
435, 435, [0.20996732], [0.48918919], [-0.19413973], [-0.05168919] 1 
436, 436, [0.57843137], [0.7], [-0.39358771], [-0.25963303] 1 
437, 437, [0.42320261], [0.47567568], [-0.40737502], [-0.03817568] 1 
438, 438, [0.60212418], [0.65945946], [-0.41728052], [-0.21909249] 1 
439, 439, [0.94607843], [0.69459459], [-0.79871931], [-0.25129563] 1 
440, 440, [0.42728758], [0.46486486], [-0.41145999], [-0.02736486] 1 
441, 441, [0.42728758], [0.46486486], [-0.41145999], [-0.02736486] 1 
442, 442, [0.88235294], [0.69459459], [-0.73499382], [-0.25129563] 1 
443, 443, [0.42728758], [0.46486486], [-0.41145999], [-0.02736486] 1 
444, 444, [0.60498366], [0.79189189], [-0.51503489], [-0.35110242] 1 
445, 445, [0.42728758], [0.46486486], [-0.41145999], [-0.02736486] 1 
446, 446, [0.82843137], [0.69459459], [-0.68107225], [-0.25129563] 1 
447, 447, [0.42728758], [0.46486486], [-0.41145999], [-0.02736486] 1 
448, 448, [0.68341503], [0.82162162], [-0.61796723], [-0.38316008] 1 
449, 449, [0.63888889], [0.65945946], [-0.45404522], [-0.21909249] 1 
450, 450, [0.28921569], [0.65945946], [-0.10437202], [-0.21909249] 1 
451, 451, [0.37704248], [0.71621622], [-0.3495915], [-0.27574003] 1 
452, 452, [0.42728758], [0.46486486], [-0.41145999], [-0.02736486] 1 
453, 453, [0.63888889], [0.65945946], [-0.45404522], [-0.21909249] 1 
454, 454, [0.78349673], [0.7], [-0.59865306], [-0.25963303] 1 
455, 455, [0.67122396], [0.33506944], [-0.65160229], [0.1077877] 1 
456, 456, [0.34635417], [0.45746528], [-0.31344039], [-0.01790484] 1 
457, 457, [0.86783854], [0.48524306], [-0.84006981], [-0.03945992] 1 
458, 458, [0.67122396], [0.33506944], [-0.65160229], [0.1077877] 1 
459, 459, [0.34635417], [0.45746528], [-0.31344039], [-0.01790484] 1 
460, 460, [0.67122396], [0.33506944], [-0.65160229], [0.1077877] 1 
461, 461, [0.83789062], [0.48524306], [-0.81012189], [-0.03945992] 1 
462, 462, [0.67122396], [0.33506944], [-0.65160229], [0.1077877] 1 
463, 463, [0.38216146], [0.4453125], [-0.35439272], [0.00047063] 1 
464, 464, [0.38216146], [0.4453125], [-0.35439272], [0.00047063] 1 
465, 465, [0.80924479], [0.48524306], [-0.78147606], [-0.03945992] 1 
466, 466, [0.64648438], [0.35069444], [-0.6268627], [0.0921627] 1 
467, 467, [0.38216146], [0.4453125], [-0.35439272], [0.00047063] 1 
468, 468, [0.64648438], [0.35069444], [-0.6268627], [0.0921627] 1 
469, 469, [0.38216146], [0.4453125], [-0.35439272], [0.00047063] 1 
470, 470, [0.64648438], [0.35069444], [-0.6268627], [0.0921627] 1 
471, 471, [0.77929688], [0.48524306], [-0.75152814], [-0.03945992] 1 
472, 472, [0.64648438], [0.35069444], [-0.6268627], [0.0921627] 1 
473, 473, [0.77929688], [0.48524306], [-0.75152814], [-0.03945992] 1 
474, 474, [0.64648438], [0.35069444], [-0.6268627], [0.0921627] 1 
475, 475, [0.41210938], [0.43663194], [-0.38434064], [0.00915119] 1 
476, 476, [0.64648438], [0.35069444], [-0.6268627], [0.0921627] 1 
477, 477, [0.41210938], [0.43663194], [-0.38434064], [0.00915119] 1 
478, 478, [0.75065104], [0.48524306], [-0.72288231], [-0.03945992] 1 
479, 479, [0.41210938], [0.43663194], [-0.38434064], [0.00915119] 1 
480, 480, [0.62174479], [0.35069444], [-0.60212312], [0.0921627] 1 
481, 481, [0.72070312], [0.48524306], [-0.69293439], [-0.03945992] 1 
482, 482, [0.984375], [0.65711806], [-0.9705042], [-0.21644009] 1 
483, 483, [0.62174479], [0.35069444], [-0.60212312], [0.0921627] 1 
484, 484, [0.44661458], [0.42795139], [-0.42294198], [0.01360705] 1 
485, 485, [0.44661458], [0.42795139], [-0.42294198], [0.01360705] 1 
486, 486, [0.6015625], [0.36545139], [-0.5778899], [0.07610705] 1 
487, 487, [0.68424479], [0.48524306], [-0.65647606], [-0.03945992] 1 
488, 488, [0.97916667], [0.60416667], [-0.92368345], [-0.1634887] 1 
489, 489, [0.57942708], [0.375], [-0.56322338], [0.0625] 1 
490, 490, [0.44661458], [0.42795139], [-0.42294198], [0.01360705] 1 
491, 491, [0.68424479], [0.48524306], [-0.65647606], [-0.03945992] 1 
492, 492, [0.97916667], [0.60416667], [-0.92368345], [-0.1634887] 1 
493, 493, [0.57942708], [0.375], [-0.56322338], [0.0625] 1 
494, 494, [0.44661458], [0.42795139], [-0.42294198], [0.01360705] 1 
495, 495, [0.57942708], [0.375], [-0.56322338], [0.0625] 1 
496, 496, [0.95247396], [0.60243056], [-0.90657552], [-0.16724537] 1 
497, 497, [0.95247396], [0.60243056], [-0.90657552], [-0.16724537] 1 
498, 498, [0.58854167], [0.36545139], [-0.56486907], [0.07610705] 1 
499, 499, [0.65429688], [0.48524306], [-0.62652814], [-0.03945992] 1 
500, 500, [0.95247396], [0.60243056], [-0.90657552], [-0.16724537] 1 
501, 501, [0.58854167], [0.36545139], [-0.56486907], [0.07610705] 1 
502, 502, [0.47851562], [0.40711806], [-0.45074689], [0.03866508] 1 
503, 503, [0.98242188], [0.57552083], [-0.94392904], [-0.1411774] 1 
504, 504, [0.95247396], [0.60243056], [-0.90657552], [-0.16724537] 1 
505, 505, [0.47851562], [0.40711806], [-0.45074689], [0.03866508] 1 
506, 506, [0.98242188], [0.57552083], [-0.94392904], [-0.1411774] 1 
507, 507, [0.61783854], [0.47482639], [-0.59006981], [-0.02904326] 1 
508, 508, [0.48958333], [0.42795139], [-0.47571253], [0.01272658] 1 
509, 509, [0.95247396], [0.60243056], [-0.90657552], [-0.16724537] 1 
510, 510, [0.47851562], [0.40711806], [-0.45074689], [0.03866508] 1 
511, 511, [0.61783854], [0.47482639], [-0.59006981], [-0.02904326] 1 
512, 512, [0.95247396], [0.60243056], [-0.90657552], [-0.16724537] 1 
513, 513, [0.47851562], [0.40711806], [-0.45074689], [0.03866508] 1 
514, 514, [0.92122396], [0.56336806], [-0.88273112], [-0.12902462] 1 
515, 515, [0.95247396], [0.60243056], [-0.90657552], [-0.16724537] 1 
516, 516, [0.47851562], [0.40711806], [-0.45074689], [0.03866508] 1 
517, 517, [0.92122396], [0.56336806], [-0.88273112], [-0.12902462] 1 
518, 518, [0.58854167], [0.46788194], [-0.55562789], [-0.0283215] 1 
519, 519, [0.54166667], [0.3515625], [-0.52779586], [0.08911547] 1 
520, 520, [0.3890625], [0.47731481], [-0.3820409], [-0.03775438] 1 
521, 521, [0.72942708], [0.55231481], [-0.635], [-0.11087337] 1 
522, 522, [0.33671875], [0.53518519], [-0.27028356], [-0.09589947] 1 
523, 523, [0.6625], [0.45972222], [-0.6554784], [-0.02016178] 1 
524, 524, [0.4296875], [0.47361111], [-0.42463735], [-0.03205267] 1 
525, 525, [0.9765625], [0.51111111], [-0.95258102], [-0.07063492] 1 
526, 526, [0.26432292], [0.55092593], [-0.21782986], [-0.11075499] 1 
527, 527, [0.31692708], [0.51759259], [-0.2504919], [-0.07830688] 1 
528, 528, [0.79479167], [0.55694444], [-0.68275463], [-0.11617309] 1 
529, 529, [0.58229167], [0.45925926], [-0.57229167], [-0.01481481] 1 
530, 530, [0.36744792], [0.48564815], [-0.34767361], [-0.04773965] 1 
531, 531, [0.52916667], [0.44675926], [-0.52620756], [-0.00608129] 1 
532, 532, [0.6109375], [0.44305556], [-0.6039159], [-0.00349512] 1 
533, 533, [0.3890625], [0.47731481], [-0.3820409], [-0.03775438] 1 
534, 534, [0.72942708], [0.55231481], [-0.635], [-0.11087337] 1 
535, 535, [0.33671875], [0.53518519], [-0.27028356], [-0.09589947] 1 
536, 536, [0.6625], [0.45972222], [-0.6554784], [-0.02016178] 1 
537, 537, [0.4296875], [0.47361111], [-0.42463735], [-0.03205267] 1 
538, 538, [0.9765625], [0.51111111], [-0.95258102], [-0.07063492] 1 
539, 539, [0.26432292], [0.55092593], [-0.21782986], [-0.11075499] 1 
540, 540, [0.79479167], [0.55694444], [-0.68275463], [-0.11617309] 1 
541, 541, [0.58229167], [0.45925926], [-0.57229167], [-0.01481481] 1 
542, 542, [0.36744792], [0.48564815], [-0.34767361], [-0.04773965] 1 
543, 543, [0.52916667], [0.44675926], [-0.52620756], [-0.00608129] 1 
544, 544, [0.6109375], [0.44305556], [-0.6039159], [-0.00349512] 1 
545, 545, [0.3890625], [0.47731481], [-0.3820409], [-0.03775438] 1 
546, 546, [0.72942708], [0.55231481], [-0.635], [-0.11087337] 1 
547, 547, [0.33671875], [0.53518519], [-0.27028356], [-0.09589947] 1 
548, 548, [0.6625], [0.45972222], [-0.6554784], [-0.02016178] 1 
549, 549, [0.4296875], [0.47361111], [-0.42463735], [-0.03205267] 1 
550, 550, [0.9765625], [0.51111111], [-0.95258102], [-0.07063492] 1 
551, 551, [0.26432292], [0.55092593], [-0.21782986], [-0.11075499] 1 
552, 552, [0.79479167], [0.55694444], [-0.68275463], [-0.11617309] 1 
553, 553, [0.58229167], [0.45925926], [-0.57229167], [-0.01481481] 1 
554, 554, [0.36744792], [0.48564815], [-0.34767361], [-0.04773965] 1 
555, 555, [0.6109375], [0.44305556], [-0.6039159], [-0.00349512] 1 
556, 556, [0.3890625], [0.47731481], [-0.3820409], [-0.03775438] 1 
557, 557, [0.72942708], [0.55231481], [-0.635], [-0.11087337] 1 
558, 558, [0.33671875], [0.53518519], [-0.27028356], [-0.09589947] 1 
559, 559, [0.6625], [0.45972222], [-0.6554784], [-0.02016178] 1 
560, 560, [0.4296875], [0.47361111], [-0.42463735], [-0.03205267] 1 
561, 561, [0.9765625], [0.51111111], [-0.95258102], [-0.07063492] 1 
562, 562, [0.26432292], [0.55092593], [-0.21782986], [-0.11075499] 1 
563, 563, [0.79479167], [0.55694444], [-0.68275463], [-0.11617309] 1 
564, 564, [0.58229167], [0.45925926], [-0.57229167], [-0.01481481] 1 
565, 565, [0.6109375], [0.44305556], [-0.6039159], [-0.00349512] 1 
566, 566, [0.5375], [0.44074074], [-0.52566358], [-6.2774639e-05] 1 
567, 567, [0.3890625], [0.47731481], [-0.3820409], [-0.03775438] 1 
568, 568, [0.72942708], [0.55231481], [-0.635], [-0.11087337] 1 
569, 569, [0.33671875], [0.53518519], [-0.27028356], [-0.09589947] 1 
570, 570, [0.6625], [0.45972222], [-0.6554784], [-0.02016178] 1 
571, 571, [0.4296875], [0.47361111], [-0.42463735], [-0.03205267] 1 
572, 572, [0.9765625], [0.51111111], [-0.95258102], [-0.07063492] 1 
573, 573, [0.26432292], [0.55092593], [-0.21782986], [-0.11075499] 1 
574, 574, [0.79479167], [0.55694444], [-0.68275463], [-0.11617309] 1 
575, 575, [0.58229167], [0.45925926], [-0.57229167], [-0.01481481] 1 
576, 576, [0.6109375], [0.44305556], [-0.6039159], [-0.00349512] 1 
577, 577, [0.5375], [0.44074074], [-0.52566358], [-6.2774639e-05] 1 
578, 578, [0.3546875], [0.53055556], [-0.33794367], [-0.08769841] 1 
579, 579, [0.11875], [0.53020833], [-0.00492187], [-0.09049202] 1 
580, 580, [0.11875], [0.53020833], [-0.00492187], [-0.09049202] 1 
581, 581, [0.3609375], [0.52291667], [-0.33760417], [-0.08541667] 1 
582, 582, [0.43828125], [0.50104167], [-0.34253906], [-0.0591812] 1 
583, 583, [0.11875], [0.53020833], [-0.00492187], [-0.09049202] 1 
584, 584, [0.3609375], [0.52291667], [-0.33760417], [-0.08541667] 1 
585, 585, [0.43828125], [0.50104167], [-0.34253906], [-0.0591812] 1 
586, 586, [0.11875], [0.53020833], [-0.00492187], [-0.09049202] 1 
587, 587, [0.3609375], [0.52291667], [-0.33760417], [-0.08541667] 1 
588, 588, [0.43828125], [0.50104167], [-0.34253906], [-0.0591812] 1 
589, 589, [0.2875], [0.515625], [-0.219375], [-0.07525803] 1 
590, 590, [0.4875], [0.50833333], [-0.40760417], [-0.06765537] 1 
591, 591, [0.11875], [0.53020833], [-0.00492187], [-0.09049202] 1 
592, 592, [0.3609375], [0.52291667], [-0.33760417], [-0.08541667] 1 
593, 593, [0.43828125], [0.50104167], [-0.34253906], [-0.0591812] 1 
594, 594, [0.4875], [0.50833333], [-0.40760417], [-0.06765537] 1 
595, 595, [0.3609375], [0.52291667], [-0.33760417], [-0.08541667] 1 
596, 596, [0.43828125], [0.50104167], [-0.34253906], [-0.0591812] 1 
597, 597, [0.4875], [0.50833333], [-0.40760417], [-0.06765537] 1 
598, 598, [0.3609375], [0.52291667], [-0.33760417], [-0.08541667] 1 
599, 599, [0.43828125], [0.50104167], [-0.34253906], [-0.0591812] 1 
600, 600, [0.4875], [0.50833333], [-0.40760417], [-0.06765537] 1 
601, 601, [0.065625], [0.55416667], [0.07072917], [-0.11260823] 1 
602, 602, [0.3609375], [0.52291667], [-0.33760417], [-0.08541667] 1 
603, 603, [0.43828125], [0.50104167], [-0.34253906], [-0.0591812] 1 
604, 604, [0.3609375], [0.52291667], [-0.33760417], [-0.08541667] 1 
605, 605, [0.43828125], [0.50104167], [-0.34253906], [-0.0591812] 1 
606, 606, [0.5], [0.58854167], [-0.48002604], [-0.1478637] 1 
607, 607, [0.3609375], [0.52291667], [-0.33760417], [-0.08541667] 1 
608, 608, [0.43828125], [0.50104167], [-0.34253906], [-0.0591812] 1 
609, 609, [0.3609375], [0.52291667], [-0.33760417], [-0.08541667] 1 
610, 610, [0.43828125], [0.50104167], [-0.34253906], [-0.0591812] 1 
611, 611, [0.3609375], [0.52291667], [-0.33760417], [-0.08541667] 1 
612, 612, [0.5171875], [0.53020833], [-0.4490625], [-0.08984136] 1 
613, 613, [0.33125], [0.546875], [-0.31127604], [-0.10619703] 1 
614, 614, [0.33125], [0.546875], [-0.31127604], [-0.10619703] 1 
615, 615, [0.5171875], [0.53020833], [-0.4490625], [-0.08984136] 1 
616, 616, [0.33125], [0.546875], [-0.31127604], [-0.10619703] 1 
617, 617, [0.5171875], [0.53020833], [-0.4490625], [-0.08984136] 1 
618, 618, [0.4625], [0.525], [-0.38260417], [-0.08432203] 1 
619, 619, [0.61484375], [0.15416667], [-0.58658854], [0.28869048] 1 
620, 620, [0.33125], [0.546875], [-0.31127604], [-0.10619703] 1 
621, 621, [0.6046875], [0.52291667], [-0.58135417], [-0.08541667] 1 
622, 622, [0.33125], [0.546875], [-0.31127604], [-0.10619703] 1 
623, 623, [0.6046875], [0.52291667], [-0.58135417], [-0.08541667] 1 
624, 624, [0.33125], [0.546875], [-0.31127604], [-0.10619703] 1 
625, 625, [0.6046875], [0.52291667], [-0.58135417], [-0.08541667] 1 
626, 626, [0.33125], [0.546875], [-0.31127604], [-0.10619703] 1 
627, 627, [0.61875], [0.146875], [-0.59877604], [0.29380297] 1 
628, 628, [0.33125], [0.546875], [-0.31127604], [-0.10619703] 1 
629, 629, [0.61875], [0.146875], [-0.59877604], [0.29380297] 1 
630, 630, [0.16015625], [0.61770833], [-0.12016927], [-0.1719252] 1 
631, 631, [0.61875], [0.146875], [-0.59877604], [0.29380297] 1 
632, 632, [0.525], [0.50833333], [-0.44510417], [-0.06765537] 1 
633, 633, [0.46640625], [0.50104167], [-0.37066406], [-0.0591812] 1 
634, 634, [0.61875], [0.146875], [-0.59877604], [0.29380297] 1 
635, 635, [0.525], [0.50833333], [-0.44510417], [-0.06765537] 1 
636, 636, [0.46640625], [0.50104167], [-0.37066406], [-0.0591812] 1 
637, 637, [0.30390625], [0.55], [-0.27565104], [-0.10714286] 1 
638, 638, [0.12578125], [0.51354167], [0.09738281], [-0.0719173] 1 
639, 639, [0.61875], [0.146875], [-0.59877604], [0.29380297] 1 
640, 640, [0.525], [0.50833333], [-0.44510417], [-0.06765537] 1 
641, 641, [0.46640625], [0.50104167], [-0.37066406], [-0.0591812] 1 
642, 642, [0.30390625], [0.55], [-0.27565104], [-0.10714286] 1 
643, 643, [0.12578125], [0.51354167], [0.09738281], [-0.0719173] 1 
644, 644, [0.6046875], [0.5125], [-0.58135417], [-0.075] 1 
645, 645, [0.68035427], [0.54133333], [-0.66496404], [-0.10383333] 1 
646, 646, [0.68035427], [0.54133333], [-0.66496404], [-0.10383333] 1 
647, 647, [0.59903382], [0.5], [-0.56777241], [-0.06043956] 1 
648, 648, [0.68035427], [0.54133333], [-0.66496404], [-0.10383333] 1 
649, 649, [0.70128824], [0.56266667], [-0.68589801], [-0.12516667] 1 
650, 650, [0.70128824], [0.56266667], [-0.68589801], [-0.12516667] 1 
651, 651, [0.70128824], [0.56266667], [-0.68589801], [-0.12516667] 1 
652, 652, [0.72705314], [0.548], [-0.70456897], [-0.10644156] 1 
653, 653, [0.72705314], [0.548], [-0.70456897], [-0.10644156] 1 
654, 654, [0.72705314], [0.548], [-0.70456897], [-0.10644156] 1 
655, 655, [0.75805153], [0.53866667], [-0.7313591], [-0.09819048] 1 
656, 656, [0.6215781], [0.48], [-0.57705636], [-0.03555556] 1 
657, 657, [0.75805153], [0.53866667], [-0.7313591], [-0.09819048] 1 
658, 658, [0.79468599], [0.58533333], [-0.74243478], [-0.14088889] 1 
659, 659, [0.79468599], [0.58533333], [-0.74243478], [-0.14088889] 1 
660, 660, [0.852657], [0.60666667], [-0.8004058], [-0.16222222] 1 
661, 661, [0.852657], [0.60666667], [-0.8004058], [-0.16222222] 1 
662, 662, [0.92431562], [0.62666667], [-0.83437896], [-0.18510823] 1 
663, 663, [0.97504026], [0.62666667], [-0.8851036], [-0.18510823] 1 
664, 664, [0.64855072], [0.52533333], [-0.62991412], [-0.08247619] 1 
665, 665, [0.64855072], [0.52533333], [-0.62991412], [-0.08247619] 1 
666, 666, [0.66384863], [0.52533333], [-0.64521202], [-0.08247619] 1 
667, 667, [0.71014493], [0.53866667], [-0.66562319], [-0.09422222] 1 
668, 668, [0.71014493], [0.53866667], [-0.66562319], [-0.09422222] 1 
669, 669, [0.73550725], [0.584], [-0.70881481], [-0.14352381] 1 
670, 670, [0.25966184], [0.56266667], [-0.24102523], [-0.11980952] 1 
671, 671, [0.76811594], [0.63333333], [-0.73070531], [-0.18888889] 1 
672, 672, [0.21819646], [0.58266667], [-0.18693505], [-0.14310623] 1 
673, 673, [0.3321256], [0.512], [-0.313489], [-0.06914286] 1 
674, 674, [0.62198068], [0.52533333], [-0.60334407], [-0.08247619] 1 
