501,1,184,626,84,37,1
501,2,218,822,78,38,1
501,3,220,726,94,29,1
501,4,225,299,55,80,1
501,5,342,413,76,29,1
501,6,374,530,42,88,1
501,7,400,601,46,83,1
501,8,409,254,49,65,1
501,9,405,273,11,81,1
501,10,460,547,54,35,1
501,11,483,812,77,0,1
501,12,546,473,4,77,1
501,13,606,591,13,87,1
501,14,605,190,7,83,1
501,15,618,738,53,29,1
501,16,651,187,13,27,1
501,17,753,651,65,45,1
501,18,823,177,45,16,1
501,19,864,107,70,23,1
501,20,936,587,48,65,1
501,21,692,284,4,100,1
501,22,974,666,86,1,1
501,23,1051,640,76,26,1
501,24,1122,502,14,73,1
501,25,1219,744,8,86,1
502,1,184,616,76,58,1
502,2,226,819,76,43,1
502,3,234,723,93,33,1
502,4,223,295,50,85,1
502,5,340,411,76,33,1
502,6,379,536,61,80,1
502,7,395,596,40,93,1
502,8,416,250,42,71,1
502,9,402,265,10,89,1
502,10,460,546,53,45,1
502,11,480,812,81,6,1
502,12,534,470,17,85,1
502,13,606,591,11,93,1
502,14,604,190,2,88,1
502,15,619,733,63,33,1
502,16,651,186,18,28,1
502,17,757,647,65,54,1
502,18,821,176,43,19,1
502,19,863,107,70,24,1
502,20,935,585,53,66,1
502,21,692,282,6,103,1
502,22,966,660,88,21,1
502,23,1042,648,85,14,1
502,24,1114,501,29,64,1
502,25,1201,745,13,88,1
503,1,189,608,59,74,1
503,2,235,817,72,47,1
503,3,247,720,92,34,1
503,4,221,291,45,86,1
503,5,340,410,73,34,1
503,6,386,542,78,66,1
503,7,389,592,34,98,1
503,8,423,250,31,67,1
503,9,401,258,4,94,1
503,10,465,547,46,51,1
503,11,481,812,78,10,1
503,12,522,466,30,90,1
503,13,608,592,10,96,1
503,14,603,191,1,89,1
503,15,612,729,77,38,1
503,16,650,187,21,23,1
503,17,763,644,60,59,1
503,18,821,176,39,19,1
503,19,863,108,68,23,1
503,20,937,584,54,64,1
503,21,693,283,8,102,1
503,22,964,655,82,38,1
503,23,1037,658,85,2,1
503,24,1099,500,50,66,1
503,25,1183,748,19,87,1
504,1,195,604,39,85,1
504,2,246,814,67,51,1
504,3,260,716,91,36,1
504,4,221,287,39,88,1
504,5,340,407,70,37,1
504,6,396,548,83,59,1
504,7,384,591,27,101,1
504,8,430,250,20,63,1
504,9,398,252,0,95,1
504,10,461,547,47,63,1
504,11,481,811,76,16,1
504,12,513,465,41,91,1
504,13,609,594,8,97,1
504,14,599,192,7,89,1
504,15,612,731,77,36,1
504,16,650,187,25,20,1
504,17,768,641,56,65,1
504,18,821,175,33,20,1
504,19,864,108,65,23,1
504,20,940,584,57,63,1
504,21,695,281,10,102,1
504,22,963,648,70,54,1
504,23,1035,658,82,8,1
504,24,1090,503,64,56,1
504,25,1166,750,23,87,1
505,1,202,599,16,93,1
505,2,256,812,62,54,1
505,3,275,713,87,39,1
505,4,220,284,32,89,1
505,5,339,406,68,38,1
505,6,405,556,92,48,1
505,7,380,591,21,102,1
505,8,440,254,6,54,1
505,9,392,247,5,95,1
505,10,463,548,42,69,1
505,11,480,811,75,22,1
505,12,503,466,50,87,1
505,13,610,597,7,97,1
505,14,595,194,12,88,1
505,15,611,731,79,36,1
505,16,650,188,29,14,1
505,17,774,639,50,70,1
505,18,821,175,28,21,1
505,19,864,109,62,21,1
505,20,942,583,59,61,1
505,21,696,281,13,102,1
505,22,967,646,54,66,1
505,23,1034,655,74,21,1
505,24,1082,501,65,54,1
505,25,1149,751,29,86,1
506,1,203,599,6,95,1
506,2,267,811,54,57,1
506,3,289,710,85,41,1
506,4,220,281,25,89,1
506,5,339,404,65,41,1
506,6,418,563,95,39,1
506,7,375,592,13,101,1
506,8,443,256,2,46,1
506,9,385,242,10,96,1
506,10,465,549,37,76,1
506,11,479,810,75,27,1
506,12,495,468,57,81,1
506,13,612,600,5,97,1
506,14,591,196,18,87,1
506,15,611,732,79,32,1
506,16,650,189,31,8,1
506,17,780,636,45,74,1
506,18,821,174,22,23,1
506,19,865,109,60,20,1
506,20,944,583,61,59,1
506,21,697,280,15,101,1
506,22,970,645,37,76,1
506,23,1034,652,66,32,1
506,24,1076,498,61,55,1
506,25,1131,754,34,86,1
507,1,185,601,31,90,1
507,2,278,808,49,60,1
507,3,302,706,83,43,1
507,4,220,278,18,90,1
507,5,338,402,62,42,1
507,6,432,573,96,26,1
507,7,371,594,5,99,1
507,8,442,255,8,43,1
507,9,380,238,14,94,1
507,10,468,551,31,81,1
507,11,473,809,79,34,1
507,12,488,472,64,72,1
507,13,613,604,3,96,1
507,14,587,198,23,85,1
507,15,610,733,80,32,1
507,16,650,190,40,1,1
507,17,787,635,39,78,1
507,18,821,173,16,24,1
507,19,865,110,58,20,1
507,20,946,583,63,57,1
507,21,699,279,17,101,1
507,22,975,650,15,77,1
507,23,1035,651,53,41,1
507,24,1069,495,59,57,1
507,25,1114,757,38,84,1
508,1,170,606,51,81,1
508,2,290,806,42,62,1
508,3,316,702,80,46,1
508,4,220,276,10,89,1
508,5,339,400,59,44,1
508,6,445,580,96,15,1
508,7,364,603,2,89,1
508,8,439,249,18,49,1
508,9,375,235,18,90,1
508,10,471,553,25,84,1
508,11,471,809,78,38,1
508,12,483,478,64,60,1
508,13,615,607,1,94,1
508,14,583,200,28,84,1
508,15,609,735,78,30,1
508,16,650,188,38,4,1
508,17,795,633,30,82,1
508,18,822,173,9,25,1
508,19,866,111,55,18,1
508,20,948,583,65,55,1
508,21,700,279,19,100,1
508,22,974,650,6,80,1
508,23,1037,650,40,49,1
508,24,1062,493,55,58,1
508,25,1096,760,42,82,1
509,1,158,613,69,66,1
509,2,300,805,36,65,1
509,3,330,699,77,48,1
509,4,220,273,2,89,1
509,5,339,400,56,45,1
509,6,459,588,95,1,1
509,7,352,600,10,90,1
509,8,437,246,23,49,1
509,9,370,232,21,87,1
509,10,474,554,18,89,1
509,11,470,808,75,43,1
509,12,478,485,64,45,1
509,13,614,612,1,89,1
509,14,579,204,32,80,1
509,15,609,737,78,28,1
509,16,651,184,41,9,1
509,17,802,632,25,86,1
509,18,823,172,1,25,1
509,19,867,110,52,18,1
509,20,950,582,67,53,1
509,21,701,280,21,98,1
509,22,957,656,29,73,1
509,23,1042,651,23,53,1
509,24,1056,491,51,59,1
509,25,1078,764,48,80,1
510,1,147,622,83,49,1
510,2,311,802,29,68,1
510,3,344,696,74,52,1
510,4,215,271,5,88,1
510,5,339,397,53,47,1
510,6,475,586,89,11,1
510,7,344,598,12,94,1
510,8,435,244,30,50,1
510,9,365,230,24,82,1
510,10,477,557,11,91,1
510,11,470,809,74,48,1
510,12,474,491,62,29,1
510,13,613,616,3,85,1
510,14,577,207,36,77,1
510,15,608,737,78,29,1
510,16,652,180,43,14,1
510,17,810,632,15,86,1
510,18,818,172,5,26,1
510,19,868,111,49,19,1
510,20,952,583,68,50,1
510,21,703,280,22,96,1
510,22,943,664,47,64,1
510,23,1048,652,3,56,1
510,24,1050,490,46,58,1
510,25,1063,766,50,79,1
511,1,138,633,88,28,1
511,2,322,802,22,68,1
511,3,357,693,72,53,1
511,4,208,269,12,86,1
511,5,339,395,49,49,1
511,6,492,581,83,25,1
511,7,339,596,12,98,1
511,8,434,241,35,50,1
511,9,358,230,28,74,1
511,10,479,561,4,91,1
511,11,469,809,72,54,1
511,12,472,499,58,10,1
511,13,611,622,6,79,1
511,14,572,209,41,74,1
511,15,607,738,78,31,1
511,16,652,176,45,19,1
511,17,817,632,8,87,1
511,18,811,172,13,25,1
511,19,868,112,47,17,1
511,20,954,583,70,48,1
511,21,704,280,24,95,1
511,22,929,674,64,51,1
511,23,1038,657,13,55,1
511,24,1043,486,43,60,1
511,25,1046,769,55,77,1
512,1,132,645,95,5,1
512,2,333,801,14,69,1
512,3,372,690,68,54,1
512,4,201,267,20,84,1
512,5,339,394,46,51,1
512,6,510,577,74,38,1
512,7,332,594,11,102,1
512,8,432,239,40,50,1
512,9,354,227,31,68,1
512,10,480,567,1,90,1
512,11,468,809,69,58,1
512,12,469,505,57,2,1
512,13,610,629,9,71,1
512,14,570,212,43,71,1
512,15,610,739,75,35,1
512,16,653,173,47,22,1
512,17,825,633,2,86,1
512,18,807,172,17,26,1
512,19,869,112,44,17,1
512,20,957,583,71,46,1
512,21,706,280,25,93,1
512,22,917,685,75,36,1
512,23,1026,660,30,54,1
512,24,1036,483,39,62,1
512,25,1029,772,59,75,1
513,1,128,638,94,17,1
513,2,345,799,7,70,1
513,3,385,687,65,56,1
513,4,194,266,28,81,1
513,5,339,392,42,53,1
513,6,529,575,63,48,1
513,7,326,593,10,104,1
513,8,433,237,44,47,1
513,9,348,226,34,60,1
513,10,475,569,9,91,1
513,11,468,809,66,62,1
513,12,464,504,60,5,1
513,13,609,635,12,64,1
513,14,566,216,46,66,1
513,15,609,740,73,41,1
513,16,654,169,49,26,1
513,17,826,634,5,86,1
513,18,800,172,25,24,1
513,19,870,113,40,16,1
513,20,958,583,74,44,1
513,21,707,280,27,91,1
513,22,907,698,84,17,1
513,23,1015,666,44,50,1
513,24,1031,482,34,59,1
513,25,1011,776,63,72,1
514,1,127,627,86,40,1
514,2,356,798,0,72,1
514,3,398,684,62,58,1
514,4,186,265,36,78,1
514,5,339,390,39,55,1
514,6,548,571,52,59,1
514,7,320,593,9,104,1
514,8,432,235,50,48,1
514,9,344,226,36,51,1
514,10,471,575,16,88,1
514,11,467,810,66,66,1
514,12,463,502,59,11,1
514,13,607,642,16,55,1
514,14,563,220,49,62,1
514,15,615,741,66,44,1
514,16,654,165,50,31,1
514,17,827,634,13,85,1
514,18,795,173,30,24,1
514,19,870,114,37,14,1
514,20,961,583,74,41,1
514,21,709,280,28,90,1
514,22,900,708,88,1,1
514,23,1003,673,58,45,1
514,24,1023,481,32,61,1
514,25,994,780,66,69,1
515,1,130,618,73,59,1
515,2,360,798,7,70,1
515,3,413,682,58,59,1
515,4,180,263,42,76,1
515,5,339,389,34,56,1
515,6,564,567,47,74,1
515,7,314,593,9,103,1
515,8,430,234,56,47,1
515,9,338,226,39,41,1
515,10,467,581,23,85,1
515,11,467,810,62,70,1
515,12,460,500,59,15,1
515,13,606,649,18,47,1
515,14,561,224,52,56,1
515,15,617,741,63,49,1
515,16,655,162,50,35,1
515,17,827,636,19,83,1
515,18,789,173,36,23,1
515,19,871,114,35,15,1
515,20,963,583,74,39,1
515,21,710,281,30,87,1
515,22,896,702,87,21,1
515,23,994,680,68,38,1
515,24,1018,478,27,62,1
515,25,976,784,72,66,1
516,1,134,610,57,75,1
516,2,364,797,14,70,1
516,3,427,678,55,61,1
516,4,172,263,50,71,1
516,5,340,387,29,57,1
516,6,582,564,37,84,1
516,7,308,595,8,100,1
516,8,432,231,57,42,1
516,9,334,226,40,30,1
516,10,464,587,29,82,1
516,11,467,811,59,73,1
516,12,455,499,61,23,1
516,13,607,646,13,50,1
516,14,559,228,54,51,1
516,15,619,743,59,51,1
516,16,655,156,55,41,1
516,17,828,638,26,78,1
516,18,784,173,41,23,1
516,19,872,114,32,14,1
516,20,966,582,77,37,1
516,21,712,281,30,85,1
516,22,893,696,80,40,1
516,23,986,688,78,30,1
516,24,1012,477,23,60,1
516,25,959,788,75,63,1
517,1,140,604,38,87,1
517,2,367,798,23,69,1
517,3,442,676,50,61,1
517,4,167,263,56,67,1
517,5,340,385,25,59,1
517,6,600,566,22,90,1
517,7,302,597,7,94,1
517,8,430,230,63,41,1
517,9,330,227,40,18,1
517,10,461,593,35,78,1
517,11,467,812,55,76,1
517,12,453,498,61,29,1
517,13,608,644,7,54,1
517,14,556,232,56,45,1
517,15,622,743,55,55,1
517,16,657,152,57,45,1
517,17,828,640,33,75,1
517,18,778,173,46,23,1
517,19,872,115,30,14,1
517,20,968,583,79,34,1
517,21,713,282,33,81,1
517,22,893,692,71,53,1
517,23,978,696,84,21,1
517,24,1005,475,19,60,1
517,25,943,792,79,60,1
518,1,147,602,15,92,1
518,2,371,796,29,70,1
518,3,466,812,54,77,1
518,4,160,262,63,62,1
518,5,340,384,21,60,1
518,6,620,571,5,92,1
518,7,296,600,6,89,1
518,8,431,231,65,39,1
518,9,326,229,40,4,1
518,10,457,599,41,71,1
518,11,456,673,47,64,1
518,12,450,497,60,34,1
518,13,610,642,0,56,1
518,14,554,237,58,39,1
518,15,626,746,47,58,1
518,16,658,149,58,48,1
518,17,827,640,42,73,1
518,18,773,173,51,23,1
518,19,873,115,27,13,1
518,20,971,582,74,30,1
518,21,715,283,34,79,1
518,22,895,689,57,66,1
518,23,977,705,83,10,1
518,24,1000,474,14,59,1
518,25,926,796,84,56,1
519,1,147,602,7,93,1
519,2,376,796,36,69,1
519,3,470,670,42,64,1
519,4,154,263,69,56,1
519,5,341,383,17,61,1
519,6,630,575,10,92,1
519,7,291,605,4,80,1
519,8,431,232,67,35,1
519,9,323,222,40,9,1
519,10,455,606,47,65,1
519,11,462,813,58,76,1
519,12,447,494,60,40,1
519,13,606,640,4,59,1
519,14,552,241,60,33,1
519,15,630,749,41,60,1
519,16,659,145,58,52,1
519,17,827,642,49,68,1
519,18,768,173,55,22,1
519,19,874,116,24,12,1
519,20,974,583,81,30,1
519,21,716,283,34,76,1
519,22,898,687,40,75,1
519,23,969,715,86,0,1
519,24,994,473,9,59,1
519,25,910,800,85,52,1
520,1,130,606,29,87,1
520,2,381,797,42,67,1
520,3,484,667,38,65,1
520,4,147,262,75,51,1
520,5,342,381,11,63,1
520,6,633,581,26,91,1
520,7,284,609,5,71,1
520,8,433,230,69,33,1
520,9,321,211,36,20,1
520,10,452,614,52,58,1
520,11,459,815,60,72,1
520,12,444,493,60,45,1
520,13,601,638,11,60,1
520,14,550,245,61,26,1
520,15,632,753,35,60,1
520,16,660,143,60,54,1
520,17,825,644,57,61,1
520,18,763,174,60,21,1
520,19,875,117,20,12,1
520,20,976,582,82,27,1
520,21,717,283,37,74,1
520,22,903,688,20,80,1
520,23,967,712,83,11,1
520,24,989,472,4,58,1
520,25,894,804,86,48,1
