501,1,250,338,27,26,1
501,2,263,745,70,1,1
501,3,279,371,58,48,1
501,4,317,340,16,63,1
501,5,358,594,74,24,1
501,6,363,656,16,86,1
501,7,566,171,29,63,1
501,8,581,667,47,37,1
501,9,602,517,64,1,1
501,10,600,758,21,34,1
501,11,677,83,37,76,1
501,12,677,761,68,30,1
501,13,696,477,55,53,1
501,14,706,161,82,21,1
501,15,732,137,83,26,1
501,16,738,607,47,63,1
501,17,787,547,47,47,1
501,18,800,308,4,22,1
501,19,839,400,17,68,1
501,20,857,352,50,32,1
501,21,877,545,27,82,1
501,22,909,526,43,4,1
501,23,982,241,39,79,1
501,24,1066,628,61,52,1
501,25,1089,193,10,76,1
502,1,255,335,30,33,1
502,2,262,733,67,26,1
502,3,282,366,52,56,1
502,4,316,341,17,67,1
502,5,367,589,75,37,1
502,6,361,657,24,84,1
502,7,569,168,23,72,1
502,8,579,666,56,34,1
502,9,598,515,71,8,1
502,10,602,752,23,38,1
502,11,682,77,29,89,1
502,12,671,757,74,34,1
502,13,685,478,66,41,1
502,14,694,162,88,14,1
502,15,730,141,85,26,1
502,16,743,611,47,59,1
502,17,784,549,60,47,1
502,18,792,304,15,27,1
502,19,840,395,21,71,1
502,20,858,352,52,34,1
502,21,880,543,24,85,1
502,22,909,526,50,3,1
502,23,1002,235,20,88,1
502,24,1059,631,72,47,1
502,25,1088,188,19,81,1
503,1,260,332,30,42,1
503,2,266,722,58,53,1
503,3,283,362,46,61,1
503,4,314,343,18,67,1
503,5,382,587,68,47,1
503,6,362,656,31,83,1
503,7,577,168,8,70,1
503,8,580,665,61,32,1
503,9,598,510,71,17,1
503,10,602,746,29,41,1
503,11,687,76,18,94,1
503,12,673,754,73,37,1
503,13,678,481,71,25,1
503,14,684,163,88,2,1
503,15,730,143,85,27,1
503,16,749,616,47,54,1
503,17,782,553,71,42,1
503,18,784,303,26,28,1
503,19,840,393,25,72,1
503,20,861,352,50,35,1
503,21,885,545,20,83,1
503,22,912,528,63,2,1
503,23,1022,231,1,94,1
503,24,1056,634,76,39,1
503,25,1088,189,24,83,1
504,1,264,330,30,47,1
504,2,271,714,42,72,1
504,3,288,361,35,64,1
504,4,314,343,16,69,1
504,5,397,585,59,54,1
504,6,362,660,38,78,1
504,7,581,170,4,66,1
504,8,583,668,65,26,1
504,9,597,508,71,21,1
504,10,602,743,33,41,1
504,11,694,75,6,95,1
504,12,673,752,72,36,1
504,13,674,485,75,12,1
504,14,676,156,87,9,1
504,15,730,146,85,27,1
504,16,756,620,45,50,1
504,17,782,556,79,38,1
504,18,775,301,36,30,1
504,19,843,390,26,73,1
504,20,862,352,50,37,1
504,21,890,545,17,82,1
504,22,914,526,70,4,1
504,23,1022,233,25,89,1
504,24,1056,637,76,27,1
504,25,1089,189,28,77,1
505,1,272,329,26,50,1
505,2,280,711,22,84,1
505,3,293,359,25,67,1
505,4,312,345,16,69,1
505,5,411,584,51,62,1
505,6,365,662,43,71,1
505,7,576,171,17,61,1
505,8,585,668,69,23,1
505,9,598,505,70,27,1
505,10,602,733,35,45,1
505,11,695,74,3,97,1
505,12,672,750,74,38,1
505,13,670,485,76,3,1
505,14,667,147,83,19,1
505,15,731,148,84,29,1
505,16,762,625,43,43,1
505,17,781,561,86,31,1
505,18,767,299,45,30,1
505,19,846,390,28,73,1
505,20,866,351,49,38,1
505,21,897,545,11,81,1
505,22,918,526,74,8,1
505,23,1022,235,44,83,1
505,24,1052,641,81,17,1
505,25,1090,188,35,75,1
506,1,275,331,25,52,1
506,2,288,711,0,90,1
506,3,299,360,12,65,1
506,4,312,345,15,69,1
506,5,426,581,41,70,1
506,6,368,664,48,63,1
506,7,571,174,27,51,1
506,8,587,668,73,19,1
506,9,599,500,69,33,1
506,10,603,729,43,50,1
506,11,690,76,14,95,1
506,12,673,748,73,40,1
506,13,668,474,73,19,1
506,14,660,138,78,31,1
506,15,730,150,85,29,1
506,16,769,631,39,39,1
506,17,784,569,89,23,1
506,18,759,296,55,33,1
506,19,848,392,30,70,1
506,20,867,351,49,40,1
506,21,901,547,8,79,1
506,22,921,522,79,11,1
506,23,1024,240,61,72,1
506,24,1046,644,88,10,1
506,25,1091,187,39,74,1
507,1,280,325,28,61,1
507,2,277,713,20,88,1
507,4,303,361,0,64,1
507,3,312,346,15,69,1
507,5,441,581,31,75,1
507,6,368,665,56,60,1
507,7,567,179,39,40,1
507,8,590,668,75,16,1
507,9,598,497,68,38,1
507,10,603,721,47,54,1
507,11,686,78,25,92,1
507,13,672,746,75,42,1
507,12,668,463,67,32,1
507,14,655,128,71,42,1
507,15,731,156,85,27,1
507,16,774,636,38,31,1
507,17,788,574,89,17,1
507,18,751,294,63,34,1
507,19,851,390,29,68,1
507,20,870,351,47,42,1
507,21,908,547,2,77,1
507,22,925,521,83,12,1
507,23,1028,247,76,56,1
507,24,1045,647,81,1,1
507,25,1090,189,44,69,1
508,1,285,323,27,66,1
508,2,266,722,40,77,1
508,4,296,362,10,63,1
508,3,311,348,13,69,1
508,5,457,581,19,78,1
508,6,368,667,62,54,1
508,7,562,184,48,27,1
508,8,593,669,78,10,1
508,9,600,494,66,43,1
508,10,603,718,52,54,1
508,11,681,80,35,88,1
508,12,672,744,75,43,1
508,13,669,453,59,45,1
508,14,647,121,67,50,1
508,15,731,158,85,29,1
508,16,782,640,35,24,1
508,17,793,580,87,8,1
508,18,746,294,69,30,1
508,19,856,388,30,66,1
508,20,870,352,50,38,1
508,21,912,550,0,74,1
508,22,929,518,87,17,1
508,23,1033,255,87,37,1
508,24,1046,640,82,13,1
508,25,1090,189,50,66,1
509,1,291,321,25,70,1
509,2,256,733,56,61,1
509,4,288,364,23,59,1
509,3,310,349,14,71,1
509,5,474,583,6,74,1
509,6,368,670,68,48,1
509,7,561,194,55,9,1
509,8,597,669,80,7,1
509,9,603,491,64,50,1
509,10,603,711,56,58,1
509,11,676,83,45,84,1
509,12,672,740,75,44,1
509,13,671,444,49,56,1
509,14,642,112,59,59,1
509,15,732,160,85,30,1
509,16,792,647,28,17,1
509,17,800,584,82,0,1
509,18,738,294,77,30,1
509,19,857,386,35,65,1
509,20,872,352,50,35,1
509,21,912,551,4,70,1
509,22,932,516,92,18,1
509,23,1043,266,90,16,1
509,24,1045,634,82,21,1
509,25,1093,186,33,69,1
510,1,298,321,21,72,1
510,2,250,739,67,46,1
510,4,283,365,34,54,1
510,3,309,352,14,68,1
510,5,485,586,5,81,1
510,6,371,673,71,39,1
510,7,561,195,58,4,1
510,8,600,670,82,2,1
510,9,603,488,61,55,1
510,10,604,707,59,57,1
510,11,673,88,54,75,1
510,12,673,739,74,44,1
510,13,674,434,36,66,1
510,14,638,107,48,67,1
510,15,731,162,84,31,1
510,16,798,653,26,8,1
510,17,808,582,75,9,1
510,18,732,292,81,29,1
510,19,859,386,37,64,1
510,20,872,353,52,31,1
510,21,913,555,9,65,1
510,22,937,515,92,17,1
510,23,1053,270,92,6,1
510,24,1045,627,80,31,1
510,25,1099,182,17,73,1
511,1,305,322,17,73,1
511,2,247,747,72,28,1
511,4,276,367,44,49,1
511,3,309,353,12,69,1
511,5,489,588,17,80,1
511,6,373,675,78,35,1
511,7,562,186,60,19,1
511,8,604,669,83,2,1
511,10,604,485,60,59,1
511,9,604,699,62,60,1
511,11,668,92,63,67,1
511,12,674,737,73,46,1
511,13,678,427,21,72,1
511,14,634,97,39,75,1
511,15,732,166,83,31,1
511,16,807,657,22,4,1
511,17,815,581,68,16,1
511,18,729,291,83,26,1
511,19,861,389,35,59,1
511,20,876,353,51,30,1
511,21,914,556,13,61,1
511,22,940,512,97,22,1
511,23,1065,260,88,25,1
511,24,1046,621,75,41,1
511,25,1106,182,0,71,1
512,1,310,321,15,74,1
512,2,243,757,78,7,1
512,4,272,372,53,40,1
512,3,308,347,13,76,1
512,5,494,591,28,77,1
512,6,376,678,81,24,1
512,7,567,178,56,30,1
512,8,608,664,85,7,1
512,10,605,483,57,63,1
512,9,607,695,62,61,1
512,11,667,97,69,57,1
512,12,674,735,73,49,1
512,13,682,422,5,75,1
512,14,631,91,25,79,1
512,15,732,169,84,31,1
512,16,815,655,15,14,1
512,17,826,579,55,25,1
512,18,723,290,86,25,1
512,19,863,386,38,60,1
512,20,876,355,53,26,1
512,21,915,559,17,55,1
512,22,948,512,93,20,1
512,23,1081,248,79,48,1
512,24,1047,616,71,48,1
512,25,1092,182,20,69,1
513,1,319,322,10,67,1
513,2,243,753,78,12,1
513,4,267,375,62,33,1
513,3,307,354,12,70,1
513,5,498,596,39,72,1
513,6,381,680,82,20,1
513,7,566,170,58,47,1
513,8,613,662,82,9,1
513,9,607,481,53,67,1
513,10,606,691,67,63,1
513,11,664,103,75,48,1
513,12,674,732,73,50,1
513,13,676,423,10,70,1
513,14,626,89,15,78,1
513,15,732,171,85,32,1
513,16,823,653,9,20,1
513,17,837,578,41,33,1
513,18,721,289,86,23,1
513,19,866,386,39,60,1
513,20,876,355,54,23,1
513,21,915,561,23,51,1
513,22,951,509,96,23,1
513,23,1099,240,65,63,1
513,24,1049,612,64,54,1
513,25,1080,184,39,61,1
514,1,321,322,10,73,1
514,2,246,743,72,30,1
514,4,263,381,68,24,1
514,3,307,357,11,68,1
514,5,504,601,49,66,1
514,6,382,682,87,12,1
514,7,569,166,51,55,1
514,8,617,657,82,14,1
514,9,609,479,48,70,1
514,10,638,708,41,41,1
514,11,663,111,79,35,1
514,12,676,731,71,50,1
514,13,664,417,26,69,1
514,14,624,82,2,83,1
514,15,731,175,85,32,1
514,16,831,649,4,30,1
514,17,847,578,27,34,1
514,18,717,289,86,21,1
514,19,867,383,43,61,1
514,20,879,355,53,19,1
514,21,917,563,25,45,1
514,22,958,509,95,23,1
514,23,1118,230,47,77,1
514,24,1052,607,57,61,1
514,25,1069,188,55,50,1
515,1,329,324,5,74,1
515,2,247,735,68,40,1
515,4,262,385,72,14,1
515,3,306,358,11,69,1
515,5,510,607,58,58,1
515,6,385,687,88,1,1
515,7,575,159,43,65,1
515,8,623,655,82,18,1
515,9,610,478,45,74,1
515,10,609,682,72,62,1
515,11,661,116,81,23,1
515,12,676,729,71,51,1
515,13,654,417,40,63,1
515,14,612,76,9,85,1
515,15,732,177,83,33,1
515,16,837,647,1,39,1
515,17,857,576,19,34,1
515,18,714,289,85,17,1
515,19,869,385,43,58,1
515,20,879,356,55,16,1
515,21,919,567,28,38,1
515,22,965,506,92,24,1
515,23,1140,224,27,87,1
515,24,1055,602,50,66,1
515,25,1061,191,66,38,1
516,1,336,324,1,74,1
516,2,250,726,62,52,1
516,4,255,390,82,6,1
516,3,305,360,10,69,1
516,5,516,614,65,50,1
516,6,388,682,90,4,1
516,7,580,158,35,70,1
516,8,628,650,79,22,1
516,9,612,476,42,77,1
516,10,611,679,72,60,1
516,11,661,125,82,6,1
516,12,676,727,71,52,1
516,13,645,416,53,54,1
516,14,595,77,22,80,1
516,15,732,181,84,32,1
516,16,841,648,7,43,1
516,17,869,576,7,35,1
516,18,713,289,82,14,1
516,19,872,380,46,60,1
516,20,879,357,55,14,1
516,21,920,571,32,32,1
516,22,970,505,91,26,1
516,23,1162,221,5,90,1
516,24,1057,598,42,73,1
516,25,1056,199,74,22,1
517,1,338,323,4,76,1
517,2,252,718,55,61,1
517,4,252,391,82,2,1
517,3,305,361,10,70,1
517,5,523,620,72,41,1
517,6,395,677,88,8,1
517,7,588,154,23,74,1
517,8,634,647,76,27,1
517,9,615,474,37,78,1
517,10,614,674,133,105,1
517,11,662,126,82,5,1
517,12,673,723,73,55,1
517,13,636,418,64,43,1
517,14,577,76,43,76,1
517,15,732,184,84,33,1
517,16,844,646,13,50,1
517,17,876,576,4,34,1
517,18,711,289,76,10,1
517,19,873,377,48,61,1
517,20,882,358,56,10,1
517,21,922,573,35,26,1
517,22,976,501,88,26,1
517,23,1167,221,15,92,1
517,24,1060,594,33,76,1
517,25,1048,207,82,5,1
518,1,340,326,9,74,1
518,2,256,712,45,68,1
518,4,252,386,82,12,1
518,3,303,362,10,70,1
518,5,529,628,78,30,1
518,6,395,674,94,11,1
518,7,595,154,11,74,1
518,8,640,643,75,30,1
518,9,617,472,33,82,1
518,10,615,668,75,62,1
518,11,663,121,79,17,1
518,12,678,722,68,54,1
518,13,628,420,72,32,1
518,14,561,87,55,57,1
518,15,732,187,83,33,1
518,16,847,646,18,56,1
518,17,877,577,16,33,1
518,18,711,290,72,6,1
518,19,875,377,50,61,1
518,20,884,359,56,4,1
518,21,925,578,37,17,1
518,22,982,498,89,29,1
518,23,1163,220,10,92,1
518,24,1065,590,23,82,1
518,25,1043,203,85,9,1
519,1,341,327,13,72,1
519,2,260,706,36,75,1
519,4,253,382,80,20,1
519,3,303,364,9,69,1
519,5,539,635,82,21,1
519,6,402,670,91,13,1
519,7,600,153,2,71,1
519,8,644,639,73,33,1
519,9,620,471,30,83,1
519,10,618,665,74,61,1
519,11,666,114,76,30,1
519,12,680,721,66,54,1
519,13,623,424,74,16,1
519,14,546,85,76,50,1
519,15,732,189,84,34,1
519,16,850,646,22,61,1
519,17,878,579,26,29,1
519,18,710,289,66,2,1
519,19,878,375,52,62,1
519,20,886,359,56,2,1
519,21,926,581,41,10,1
519,22,991,498,81,25,1
519,23,1132,226,41,82,1
519,24,1067,587,15,85,1
519,25,1042,192,82,25,1
520,1,343,328,18,72,1
520,2,265,700,26,81,1
520,4,253,378,79,26,1
520,3,303,366,7,70,1
520,5,546,644,84,8,1
520,6,406,665,93,17,1
520,7,594,155,14,68,1
520,8,651,636,70,39,1
520,9,623,470,24,83,1
520,10,620,661,75,59,1
520,11,668,109,72,43,1
520,12,679,719,66,55,1
520,13,619,427,79,2,1
520,14,533,93,82,29,1
520,15,733,192,83,34,1
520,16,854,644,26,65,1
520,17,878,582,36,25,1
520,18,710,288,57,2,1
520,19,880,374,54,59,1
520,20,888,359,54,1,1
520,21,929,585,43,1,1
520,22,999,496,79,26,1
520,23,1104,233,61,71,1
520,24,1071,584,6,87,1
520,25,1041,184,77,40,1
